-1.122643954025659525e+02
-1.124718494564015430e+02
2.104987078263708966e+01
8.637559683232478847e+01
-1.692254503906533003e+01
2.206241739302985749e+01
-2.040184260127188409e+01
-1.730142412598281254e+01
1.949828958532688006e+01
-2.598871393025385146e+01
-1.349721980160569501e+02
-1.024968608746933540e+02
3.191845964627954402e+01
3.556874210319939067e+01
-4.244923453995030371e+01
1.941831716913343220e+00
-5.774147909400575429e+00
-1.256189914167741151e+01
1.915908356331227225e+01
-2.634378166035338609e+01
1.090921566200685930e+02
-4.904964459400714105e+01
-1.239538412710233795e+00
-6.528400943474779172e-01
1.290092005323853597e+00
1.516061087057452283e+01
-1.362222085357907453e+00
3.348706220403181533e+01
-6.820569306712705782e+00
-1.198854705423738309e+01
-1.876301053080447048e+02
-1.345472160252849747e+01
5.992076565679579403e+01
-4.274517640181971245e+01
4.703954588007011495e+01
5.298451256230972461e+01
-2.847678530974995326e+01
3.249415558133277671e+01
-4.968159480254925597e+00
1.340010020025210657e+01
-8.074784822973120413e+01
-1.242759752499471659e+02
4.579439310748185221e+01
4.445584188441127793e+01
-3.459714860051737162e+01
1.147181509430481583e+00
7.075529075695012438e+00
1.816455954934651018e+01
3.981930548371860112e+01
6.306870944287609859e+00
-1.407188072581233484e+02
-9.035807956018244624e+01
3.093735272669031033e+01
2.299821210046763653e+01
-1.213086409307443603e+01
5.203259048685345078e+01
1.102041121041552074e+01
5.868096071909557843e+00
-6.540938932079652268e+00
-5.216045853462999204e+00
-1.167983892870371250e+02
-1.211322230899196200e+02
4.546698865717789317e+01
7.188231190950929772e+00
2.400255786463759122e+01
1.250711220249291067e+01
4.621892158123364958e+00
6.921482413361506936e+00
9.236596762743072730e+00
-6.063589707861064548e-01
-1.000138337785173803e+02
-1.274614192826763599e+02
4.084326284241721794e+01
7.409419904964592263e+01
2.752786059755306880e+01
-3.994627234459314113e+00
-8.899081084929926888e+00
6.747834795319100909e-01
2.913788240932061235e+00
-2.280431867606232998e+01
9.601777414813489031e+01
1.622359927232106003e+01
-8.233812383264185542e+01
7.175307622218137737e+01
-3.416348359621485997e+01
-2.236400184353838938e+01
8.873445060334955059e+00
2.120900172192181898e+01
-2.933290078865021577e+00
1.476239095341071916e+01
2.297719784314635945e+02
-8.652268845270430830e+00
-2.500483548029234626e+01
3.075838729350137513e+01
-5.291657487794755310e-01
-9.016123999741610717e+00
1.603448176455809104e+01
-1.683705011543077745e+01
1.796456039513357439e+01
-3.221637435430340091e+00
1.704955309892214075e+02
2.169134677056021943e+01
-3.631361436836260737e+01
7.777406739940180280e+00
1.089295533588928322e+01
1.712562471457402324e+01
2.334966460660736320e+00
-1.434994205825932667e+01
5.708829429407592748e+00
-1.126224878511176897e+01
1.076413165604733422e+02
-2.914414071681875740e+01
-5.292375732525351140e+01
2.902337103731214540e+01
-1.336750151829926203e+01
-4.300352147705224226e+00
9.337101692472797865e+00
4.975981363699574445e+00
6.511697805484448764e-01
1.886625391961504405e+01
-8.780594483290455798e+01
-1.357613453443371441e+02
3.876056750368596937e+01
3.197235756494896464e+01
-2.366138105453707041e+01
-5.495140252030013883e+00
-1.935806440692951469e+01
1.810076961898708259e+00
4.849949398065689365e+01
1.435596479914367585e+01
1.061768487674350894e+02
-2.384304834952056851e+01
2.471747435939185777e+01
3.501029661990826014e+01
3.411313942808440913e+01
1.507295738367586502e+01
3.364123374727555671e+01
-2.337736477661588452e+01
-7.438635029797410425e+00
-1.144595623989876465e+01
2.589789122424633661e+02
3.516442579565262516e+00
-4.891210885471851455e+00
1.611337819481299150e+01
-1.003944297060104240e+00
2.740966247670906242e+00
2.006028517212781281e+01
-1.459556050797461424e+01
-1.555128552330041325e+00
7.691929029784462024e+00
-6.299731339231206562e+01
-1.428161143009685361e+02
2.067786231183159984e+01
4.226761093427272442e+01
-8.279853987401772031e+01
-1.071625572088828982e+01
-3.653811656729368451e+01
-4.645367661629006761e+01
2.399966879021721411e+01
-1.236009402112836675e+01
1.022616128329936771e+02
-5.366908747422107950e+01
-3.545722681436956236e+00
1.698695867046301800e+01
3.425368418896889011e+01
8.378567163055134159e+00
2.260525585483426170e+01
2.487931634740275655e+01
-8.881504961781910623e+00
-4.658983278569522923e+01
-1.346554963671172516e+02
-1.073165153386712234e+02
6.928772874240452495e+01
4.138438985143823601e+01
-2.183242624296152101e+01
2.302468293192769622e+01
2.205771683293997398e+01
3.694297129782046341e+01
-1.115310309078360973e+01
-3.698946198547000108e+01
1.576682450449452517e+02
1.116030664418706237e+02
2.091478218998964067e+01
-5.775268353382570297e+01
-3.753317220490843198e+01
-4.915840955232959431e+01
-3.765519725630782233e+01
-4.607641850257162552e+00
3.002252877689364752e+01
-2.251908213410930415e+01
-6.299731339231206562e+01
-1.428161143009685361e+02
2.067786231183159984e+01
4.226761093427272442e+01
-8.279853987401772031e+01
-1.071625572088828982e+01
-3.653811656729368451e+01
-4.645367661629006761e+01
2.399966879021721411e+01
-1.236009402112836852e+01
-9.924326886135240500e+01
-1.310851142314938897e+02
3.992014062049253909e+01
2.966474222641157255e+01
8.578373111545886331e+00
-1.732082041885021795e+01
8.091577391655944140e+00
4.927709250076540037e+00
2.207071000128017246e+01
-1.387098349999084324e+00
-5.815270554603689845e+01
-9.940200255380912608e+01
-7.935594814226847404e+01
-1.885357290224172999e+01
2.083832681677034504e+00
4.140502653951410394e+01
1.537456484811928981e+01
3.897205105564445660e+01
-5.307274421921547258e+01
-1.413556134158024769e+01
1.525173099840447719e+02
7.286927909687469196e+01
3.181948342575099176e+01
1.020045394586454961e+02
3.938969024022447485e+01
1.275507349085599529e+01
-2.283981433920924786e+00
-1.593663576827747796e+01
-6.452203320047297552e+01
3.683905483158563499e+01
1.107216487271158911e+02
-1.489797913877268520e+01
-1.915282628088088401e+01
-4.107004616004289232e+01
-4.145623711945405176e+01
-1.262510266830034533e+00
8.567933776825901404e+00
-3.783300906408985309e+00
-8.703416978458233810e-02
-1.719700211664741474e+01
-1.346554963671172516e+02
-1.073165153386712234e+02
6.928772874240452495e+01
4.138438985143823601e+01
-2.183242624296152101e+01
2.302468293192769622e+01
2.205771683293997398e+01
3.694297129782046341e+01
-1.115310309078360973e+01
-3.698946198547000108e+01
6.672875757787635109e+01
-7.643829993348245644e-01
-7.605184187813979868e+00
-1.627325108807418275e+01
4.659948053432389514e+01
2.452872491991767134e+01
-8.887192130594359085e+00
-2.958815095340779777e+01
-2.187540695868962715e+01
1.493239520842201351e+00
1.797974531928717852e+02
-4.807038315325449673e+01
3.338346079787532261e+01
1.644673724222077382e+01
2.136152239266831643e+01
-1.800080442318010299e+01
-2.061788867196786867e+01
-5.373585920661795079e+00
3.736951441042450917e+00
2.589655658644818459e+01
-5.815270554603689845e+01
-9.940200255380912608e+01
-7.935594814226847404e+01
-1.885357290224172999e+01
2.083832681677034504e+00
4.140502653951410394e+01
1.537456484811928981e+01
3.897205105564445660e+01
-5.307274421921547258e+01
-1.413556134158024769e+01
1.222868249462490553e+02
7.869167487316312659e+00
-3.189081788126765460e+01
4.714034629875595961e+00
-2.069222440375876815e+01
3.770071147277088031e+00
-8.056969712273366113e+00
-2.427572920805904033e+01
-1.741311060713220371e+01
-5.474012289987891577e+00
-4.393584220260799533e+00
-5.037702933528660054e+00
-2.543775792883400655e+01
1.730175796823608181e+01
8.617852707469371865e+01
-5.147458119646859132e+01
4.333024772386302459e+00
1.499835628524140496e+01
-3.446780230022618952e+01
6.138972894707968919e+01
-9.448607044437227387e+01
-1.203508906843002961e+02
2.098591497269590178e+01
1.155835340832756089e+02
9.694854721610797199e+00
7.975598837738323788e+00
2.897643287633741949e+01
-1.591874734269990554e+01
1.694956543789494319e+01
1.435088178631114264e+00
2.195612516312495757e+02
-2.211595005629538235e+01
-1.346180160893799282e+01
2.194735299554980656e+01
4.239801481786273918e-01
4.364195530201947548e+01
9.913702790466260240e+00
-1.533011408047413981e+00
3.440685625117765767e+01
1.419278625992745368e+01
1.571435458564348835e+02
-2.658517235112951127e+01
4.193180661508655760e+01
-9.815524814304493972e+00
2.157222633604458295e+01
-1.655297490764323198e+00
1.681145042327481676e+01
2.066867156339529643e+01
4.205398803420023768e+01
2.486290414874337440e+00
1.164081692867088265e+02
-8.665971667120514255e+00
-8.577751253293577349e+00
-2.095528417479597039e+01
1.726193359156623330e+01
6.832856399270299974e+00
-2.348843613943125774e+01
9.037162201689621810e+00
7.207871198022403725e+00
-5.347143575251118719e+00
1.086032164203662802e+02
-5.601123391520465589e+01
1.436036736038804129e+01
7.396524904271895906e+00
4.513485356460075337e+01
-4.649327974445408351e+00
3.474038211162498868e+01
-2.670438892093420336e+01
2.048427013898198723e+01
-1.623259275635363252e+01
1.365199187097160518e+02
-1.286154996517137938e+01
2.989488901021470912e+00
1.954583355852469850e+01
-7.206994137026330804e+01
4.583949073528336982e+01
-1.288799514939992186e+01
9.816919146519845762e-01
-2.326607685313841145e+01
-3.422361728231234679e+01
4.689417298804310263e+01
-1.444925828951737934e+01
9.177700772341976787e+00
-3.173096448997323904e+01
4.062464630575477997e+01
1.481805958154016878e+01
-3.027851149146518495e+01
2.001170524117616267e+01
-6.123569173339028504e-01
-1.029720090917509090e+01
4.351606129965606584e+01
-1.613788226238801116e+01
2.530555802557043776e+01
-2.520747536766965524e+01
5.295096713281597545e+01
3.758662088354995490e+01
7.044938959035507153e+00
1.807044789474400659e+01
2.924375282115077468e+01
-1.513519127697584388e+01
2.589789122424633661e+02
3.516442579565262516e+00
-4.891210885471851455e+00
1.611337819481299150e+01
-1.003944297060104240e+00
2.740966247670906242e+00
2.006028517212781281e+01
-1.459556050797461424e+01
-1.555128552330041325e+00
7.691929029784462024e+00
-1.979905541297019624e+02
4.262654896132493576e+01
6.895844043114814781e+01
-1.198858894724137159e+01
2.020913372441850431e+00
3.899884166894261739e+01
-4.480498531655467787e+01
6.261711355655028655e+01
-1.348785440592538620e+01
-1.628464275180905219e+01
2.479385543849874409e+02
2.884501015471975460e+00
3.728937326884629755e+01
-8.025875372479829650e+01
5.839606212898996063e+00
-7.195373463991450613e+00
4.572472318541924707e+00
2.887398707546187993e+01
2.971358919050179637e+01
-2.639752574491981640e+00
2.554250449648514234e+02
-2.754024401609311923e+01
-5.344823784275443579e+00
6.216195723570909770e+00
-2.147365403796953842e+01
4.467156363589886325e+00
-2.402415921899489959e+01
3.010914343240605007e+01
-1.616233151485033215e+00
-3.051443257065627801e+00
1.117332225843412346e+02
-7.306470819212017886e+01
1.550187239241363280e+01
4.918330375411070321e+01
6.830763380331910639e+01
1.620851338732373037e+01
2.899890491055896291e+01
-1.898453617071283972e+01
6.364249616905656382e+01
-1.796715385989784863e+01
-5.898146935849104011e+01
-1.056138662944825910e+02
-1.674771425903973920e+01
9.009589196396736099e+01
-1.237831983474218855e+00
-3.875356977480527831e+01
1.249844156581841226e+01
-2.657598294181659426e+01
4.573916443414019994e+01
4.571094574188646220e+01
-1.175833149047745678e+02
-1.143693989086574589e+02
8.439009838301597455e+00
9.308565086587985604e+01
-2.268764429827512785e+01
1.285164887115958443e+01
1.531059284029081446e+01
-4.349801660625349342e+01
1.970275699891541166e+01
-1.218534715030297733e+01
2.558021148743860351e+02
-1.105004005247648102e+01
-9.832181075047920160e+00
-1.244580309181253774e+01
1.111237628929071658e-01
1.982830532791979294e+01
3.204048479695816098e+01
-6.182177764157842148e+00
-1.816836084967130560e+01
-2.063056467424016915e+01
4.044596538094653226e+01
2.503735582659295034e+01
-7.941535554538201325e+01
-3.714642673818838148e+01
-2.937596229911379453e+01
1.029308456369427773e+02
5.079948593533980272e+01
6.155743539367561112e+01
-3.406794827519252777e+01
-7.042117049012055929e+01
-7.287281613194579677e+01
-1.665085551735266165e+02
7.691683816418577635e+01
1.187975980796356801e+01
5.916705734626335556e+01
-1.031798059756915187e+01
-8.423520484936670272e+00
-1.883303996006242897e+01
-3.227291682112560522e+01
-9.515032805955770945e-01
4.716257547179426979e+01
-4.198656755412233821e+01
-1.215413893073493057e+01
4.973226492505271601e+00
4.028953449657618791e+01
5.377928175331513216e+01
-2.485942373730561883e+01
-1.700680256819742198e+01
-7.217134532620682386e+00
-2.808385729915195750e+00
-5.463817301041112984e+01
-1.343195578938052961e+02
8.639189317954723890e+01
1.861017513369034049e+01
-2.811635880569266988e+01
-3.532502845556962967e+01
-3.489587804557516648e+01
-6.288466857403242294e+00
1.321725801884590545e+01
7.819207983389386385e+00
9.086147947463675933e+00
-1.709718299059469473e+02
1.102897396397650098e+01
-3.985964492009707527e+01
-1.260025397841358163e+01
-7.011565155193632393e+01
4.040615839364478212e+00
-2.053656648351024927e+01
2.048039488713938994e+01
3.086150008455122062e+01
-1.552229537006443536e+02
-1.154070996576928962e+02
5.485048358458631412e+01
1.620874462191043364e+01
-6.923685101241876083e+00
7.752581096612311740e+01
1.815427285796792489e+01
2.850899532378469203e+01
-1.673296425875630211e+00
-4.007706426211848694e+00
-5.025689964867118675e+01
-7.263001579025718968e+01
1.548933979730015054e+01
3.777056549592924029e+01
1.202933486533577323e+01
1.663298290833172999e+01
1.634490948872944571e+01
-3.360887047626055057e+00
1.218106825393284431e+01
4.115623722645866067e+00
8.444114559850281410e+01
-8.342776728298419187e+01
-3.387203737964873795e+01
-1.103218623497322781e+01
-2.054662329851236890e+01
-2.418846231543904324e+01
-2.367998648489703939e+01
9.012256639579669937e+00
2.569363961807127339e+01
-3.458712303754116135e+01
-1.279081023120239138e+02
-1.258210789530940872e+02
5.730779757047621104e+01
4.287188192918817009e+01
-1.683640621113256586e+01
3.778306709197831736e+01
4.171451843748929522e-01
2.117895752793766917e+01
1.732845885823748944e+01
-2.667096755117528062e+01
-1.469742278056342855e+02
8.684236469816307702e-01
1.598306258547641789e+02
-6.884400448114296012e+01
-2.404125223183758919e+01
4.599934901257753062e+00
-3.766098186301977790e+01
6.842177927749098387e+01
-4.044228789495910803e+01
-9.428886511038541585e+00
-1.723756498594733557e+02
-2.739220115574507375e+01
2.016176414644156978e+01
2.968633717390617832e+01
-1.177134232011964876e+01
2.468038397380241022e+01
2.016629954247454748e+01
1.740058948074443057e+00
1.536345484822156049e+00
-2.139217167010254883e+01
5.351505576781637785e+01
-1.772763259101251379e+02
-1.981509116514017066e+00
1.656621340691697952e+01
8.675677642769390019e+00
-4.714924204372537986e+01
-4.165748241053923095e+01
-3.548822252510545638e+01
6.676217430716430101e+01
1.257786634025812056e+01
9.296660373568084879e+01
2.493261693157900538e+01
5.709460329145468194e+00
3.934700989152071315e+01
-3.778820351179059855e+01
1.132762626931803673e+01
-1.205108731173812409e+01
-6.187961304518522354e+01
2.442371613260885255e+01
1.889009139299927043e+01
6.340415171472174194e+01
2.603410427781690828e+01
-3.599258675711385080e-02
-2.568547187283992272e+01
-1.825610419110985205e+01
8.133371668132550525e+00
2.232777993709059317e+01
-3.601974928461386583e+01
1.799445273501142584e+00
-9.070993996639415968e+00
1.030720183289083707e+02
-5.398422843317283792e+01
-6.154739165861716543e+00
-1.685702973577959085e+01
-4.342553049968035594e+00
-2.566236532757038091e+01
3.138920490010213271e+01
-4.060465895618217758e+01
-2.052933112086487455e+01
-2.014705418531704595e+01
9.359576398788718166e+01
-3.067031584501261321e+01
-3.003727111393653892e+00
3.614637561257589482e+01
-1.629651113653770578e+00
3.122258662349689118e+01
4.283565202839120900e+01
1.409557183362120192e+01
-2.477030462823126111e+00
5.178935078555815252e+00
1.263955294651051133e+02
-3.118657619485557930e+01
-4.907183028098319255e+01
1.569788217761719196e+01
-1.403348306793259295e-02
-1.018431463174662532e+01
-3.094673610089942173e+01
-8.149660118936504771e-01
1.077356814687302489e+00
2.706723018068355913e+01
-5.714274520189623274e+01
2.132393025347173321e+01
-6.938095494534165297e+00
-8.481953751117123375e+01
-3.720536598777280712e+00
-4.650907732227627633e+01
7.419810772557519085e-01
1.019156469056062164e+01
6.024452186296922207e+01
1.494396098272255813e+01
4.579216377118905257e+01
1.223054058973650715e+00
-3.596646866081212868e-01
5.121116981791157485e+00
-3.217761233647856756e+01
-5.452018369126589548e+00
-6.468508798686062100e+00
1.022478600343597144e+01
2.386712682459630841e+01
2.401429401968109190e+01
4.261055641501348390e+01
-6.506371495357944923e+01
-3.435544973047971240e+01
-2.359533366130449394e+01
4.631119887960645443e+00
6.699828296920281900e+01
-4.415483428937621113e+01
-1.733221006940745212e+01
-2.110466465391381519e+01
3.920788076650409693e+01
7.087217635416750738e+01
-4.246170920307740460e+01
-2.503020815471473526e+01
2.151286333088653890e+01
-9.387181035020061515e+00
5.513740946036220336e+00
-1.988830513363545549e+01
1.245701513067329635e+01
-4.018152784792843879e-01
-1.405154533365750913e+00
1.880816733444115130e+01
1.399066314502941744e+01
-1.719905631019030778e+01
3.168582937450107551e+01
-1.557103364454579264e+01
3.749796353309024255e+01
6.110527441726428144e+00
1.649621846972084427e+01
-3.594941942274628133e+01
-2.652286888073383420e+00
-1.219497269267095589e+02
-1.036876050174367663e+02
-2.052517519428527137e+01
-6.576492278005008529e+01
-1.034756537485831984e+01
5.314578965554377277e+01
-3.475644779650646399e+01
-2.723829121013126198e+01
1.699802030726036151e+01
5.285559101271742577e+01
4.509438159293489434e+01
1.215318746825879437e+01
-5.382151937242157658e+01
-3.959237198030140803e+01
-4.705494072849969456e+01
1.121223839422850865e+01
-1.304034945876091633e+01
1.907581658545362657e+01
2.029986755181225178e+01
7.355879473130040758e+00
1.461512052634890040e+02
3.440592822400057571e+01
-1.566571873567897200e+01
-3.214065010932557254e+00
4.372742254346626822e+01
-5.204650806363829929e+01
1.522022012332071128e+01
-6.661805082474082873e+00
6.630666531599536562e+00
2.879040600879356404e+01
-1.082398263688296822e+02
-1.871219560514236768e+00
-7.262500808824889020e+00
-6.432089925233634631e+01
2.829048936367459888e+01
6.038480770313887191e+00
-3.100525547282481753e+01
-2.774572999631199366e+01
-1.389776895222491149e+01
-6.897717188919357056e+01
1.245185936593217377e+02
2.971351089805125412e+01
-6.832136599801740928e+00
-1.125669911214517960e+01
2.745361094169593130e+01
2.010240342505533206e+01
-2.056763116116126966e+01
-2.650745454751114139e+01
-1.636602535541913284e+01
-3.770912450654752668e+00
-6.811196437748220944e+01
-5.012302108566132830e+01
-4.252973300010764035e+01
-3.082235024456540629e+01
6.012272561441394458e+01
-2.049065807132082995e+01
-3.133479852151505796e+01
3.066989744488038028e+01
-2.980988924558092990e+01
1.457049930010077254e+01
9.728280140284668676e+01
3.357380892201612710e+01
-1.346967473251224590e+01
2.777654469059805464e+01
9.142110249403563671e+01
-1.919669495372781043e+01
5.165774712811263214e+00
7.038008119316535804e+00
3.062647559565936106e+01
-6.484711109592410594e+00
-2.624654180997131547e+01
-7.862362614229161295e+01
1.921610490802825311e+01
-1.219566319033606305e+01
-4.784078818563416746e+01
-3.355600174755112164e+01
-2.578696426419612386e+00
-3.035224617221451027e+01
1.098813029894720295e+00
2.443945536745297886e+01
6.657163301779539211e+01
8.418412364837057282e+01
-5.452115364909503370e+01
-2.134337427142903820e+01
3.345181265843454099e+01
5.558027994871540756e+00
-1.071114635249874780e+01
-1.557513109542093233e+01
-7.209726920536332351e+00
-2.143876682536346578e+01
1.992473635126228260e+01
-1.605579230447966665e+02
-2.899177307537673798e+01
5.054929185053050844e+01
5.564733502564900292e+00
-1.928430457407121068e+01
-7.515705685804981329e+01
7.357035004462756378e-01
2.087161249301722776e+01
2.909475070221767723e+01
4.266399591122388557e+01
5.145917182907444598e+00
-5.222421840141330485e+00
1.129173158654314335e+01
1.482151164362243456e+01
-1.123178775671679652e+01
1.511498165639845048e+01
3.173283603836340205e+01
2.874606576097008315e+01
6.546250335732744396e+00
9.462511622255235011e+01
1.805582536655584747e+01
-3.044916010936749018e+01
7.258679944716687871e+00
5.639753207385734157e+01
-3.681559812999168013e+00
3.433290223054273227e+00
-1.818845169193085098e+01
9.991680360129519656e+00
-3.072160926079279264e+01
1.315310973741246130e+02
2.629187026941183802e+01
-1.275472453813421048e+01
2.635215544979308788e+01
1.505105842084397061e+01
4.193904347561318247e+01
2.817656198346525187e+01
-1.285881163158886231e+01
2.919337836014167742e+00
-2.244840445987383859e+01
1.161060653358403414e+02
6.519384391159188397e+01
6.866874840805799352e+00
9.280447445888286850e+00
2.221067821860467362e+00
5.403755441672261384e+01
4.312726208353008417e+01
-1.581939725816977038e+01
6.968173681252219254e+00
-9.141528723574394277e+00
3.349458796172466180e+01
5.180695604241484631e+01
6.048965411599054320e+00
-1.144745980433955026e+02
-8.947814533546689120e+01
1.775791519632694815e+01
-3.072119927616768109e+01
3.055864473004577775e+01
-2.163258470438291425e+01
1.285497563948475452e+01
1.351089319143871137e+01
4.347350644167534028e+01
9.846531248528931357e+00
1.639918069756569352e+01
-4.784515065757229735e+00
2.088063659757439350e+00
-2.256768976552641526e+00
-1.166683330548530328e+01
-2.247694887626465743e+01
2.219400034005097311e+01
1.083790949029107509e+01
2.171129297376064926e+01
-1.335552945510059963e+01
7.894151631829524263e+01
3.578700994666837332e+00
-1.911983778056520755e+00
-2.168019737403772851e+01
-1.299778229847975197e+00
-1.319837765521043593e+01
-3.381213012358345260e+00
-7.379914873821796562e+01
2.477738621589733015e+01
-3.213022715132468221e+01
-3.119891351246752720e+01
2.450341118356844206e+01
-3.921392860813246273e+01
-1.341350218713275844e+01
7.133812655380600276e+00
-2.892976315317235958e+01
-2.551216931608698002e-01
3.415189953869409578e+01
-5.297715041592801555e+01
-8.651357837843941923e+01
-7.067336597467253512e+01
4.523200101837559828e+01
-1.854416056839781746e+01
1.342075150821717244e+01
2.043858726726386621e+01
9.097318358838171193e+00
2.451501295500519717e+01
8.300701423254885913e-01
-7.017106679054585072e+01
-6.593451476860828997e+00
-9.295861231532130375e+01
-1.289502924860910937e+01
-6.047157921334644914e-01
-4.802601366219298562e+00
3.586437230667142728e+01
5.547517043129285952e+01
5.133836827270575220e+00
7.259199656739239970e+01
-8.185284122295914244e+01
2.890347185210290704e+01
3.782729004902716952e+01
8.482772964089132728e+00
-3.475100510328828385e+00
-1.176001158108028299e+01
7.547063227711396927e+00
2.124527214796866659e+01
9.016541189275317336e+00
-1.207127687417674196e+02
-7.953554501096222396e+01
4.317003284295383025e+01
8.559611965824950319e-01
-2.319388577501660720e+00
8.833250892111450980e+00
-1.036979437456264819e+01
8.119622617476931481e+00
2.129363178951356872e+01
1.321862054301511102e-01
-1.834728835029223717e+02
-1.825397709795761259e+01
-3.306516306172287756e+01
-3.045800881352580447e+01
1.833178596191963550e+01
5.701733377549901860e+01
2.531689089629162126e+01
2.408491661766353076e+01
9.305213366972090228e+00
4.236747466822432528e+01
8.300701423254885913e-01
-7.017106679054585072e+01
-6.593451476860828997e+00
-9.295861231532130375e+01
-1.289502924860910937e+01
-6.047157921334644914e-01
-4.802601366219298562e+00
3.586437230667142728e+01
5.547517043129285952e+01
5.133836827270575220e+00
-2.126524970069720766e+01
6.813773307055323869e+01
-2.684185207600739531e+01
-1.968250966821843662e+01
9.689782851933056662e+00
4.307184139996111583e+01
-2.355839670746462744e+01
-4.431373098763049256e+01
4.734647602492015217e+00
-4.689609422203479738e+01
8.946593917551102493e+01
1.998733508562801742e+00
-5.479029701563909782e+00
5.328954881802584964e+01
1.500007635439252596e+01
4.039428357926407642e+00
-8.791173902146406149e+00
4.974082631104548291e+00
-8.500934816067776012e+00
1.579793826638032250e+00
-8.369691727124723002e+01
4.442633789064715444e+01
-1.306221415005626607e+00
-1.096055730486618707e+01
-9.776634957216417732e+00
7.530152183180170766e+00
1.503273659237113158e+01
1.171202797885697677e+01
1.140027023914235649e+01
-1.575107234134253176e+01
-6.357150956289020627e+01
-9.043077919674094289e+01
3.229130322549265486e+01
5.285151536348998702e-01
7.871438208037947959e+01
-4.444659321952854469e+01
1.410279714974434162e+00
-1.557549437308388285e+01
2.225527753343429183e+01
2.118017964870103498e+01
-1.154010254999089113e+02
-7.965933583431186094e+01
-5.502315825133806726e+01
-4.314365752838359924e+01
-1.419846230665338638e+01
5.284793523919569225e+01
4.238448367026651908e+01
1.142952647201268235e+01
7.044593741591214986e+00
1.888471032626249624e+01
1.102410465677508427e+02
-2.022419137076575524e+01
-1.441555692533888822e+00
1.966401781351724054e+01
-1.934792783923748161e+01
-6.035221812597078461e+00
-6.890236529710013436e+00
-1.794305672220159309e+01
-2.424606782700801944e+01
1.041672717087869415e+01
1.795454616991335399e+02
-2.435983365178936921e+01
-1.063321135261084471e+01
-1.604935597827311256e+01
8.052384021886341614e+00
-4.194371933429117405e+00
-2.971890921225034177e+01
1.208142323543822094e+01
4.299369314837968581e+00
-4.360241882065375663e+00
-1.154010254999089113e+02
-7.965933583431186094e+01
-5.502315825133806726e+01
-4.314365752838359924e+01
-1.419846230665338638e+01
5.284793523919569225e+01
4.238448367026651908e+01
1.142952647201268235e+01
7.044593741591214986e+00
1.888471032626249624e+01
-6.011349402425407717e+00
-6.632417571443295401e+01
-7.703032867209124390e+01
-1.115718486511896312e+00
8.009951293814837925e+01
-7.985839913498777420e+00
-1.605518656425662272e+01
-2.372020977703605027e+01
2.447135542365578331e+01
-1.549818338510180205e+01
1.125023191092421939e+02
1.635365959093943999e+01
6.418683956179825678e+00
-4.506177142622644993e+01
-3.526358244250139329e+00
6.579327215707236221e+00
-6.573674183776406776e-01
-3.637543022602386156e+00
-2.134399936356583982e+00
1.919307134276517601e+01
-1.345613643763797711e+02
-5.620890064776934025e+01
-2.012534441459999712e+01
-5.027550983889013025e+01
8.839076908902447016e+00
2.071761194252568927e+01
-1.182430815157550441e+01
-2.724574314839244060e+00
1.235296394184733693e+01
3.027727963048113935e+01
1.107206325732959442e+02
-5.161517538201002253e+01
1.892199650696241076e+00
-1.075868453509829870e+01
-4.029443726641924073e+00
1.129326496643924393e+01
-1.249612726789199080e+01
-1.234376395679270155e+00
3.484448939137830603e+00
-2.698110181213132464e+01
-3.768941821921946200e+01
-2.529431122861568682e+01
-7.408186461586554472e+00
-5.775777882187905732e+01
-1.600978267384685694e+01
-5.103855380388824692e+00
-3.071836581214445694e+00
2.263373935979026186e+01
6.802422285257013534e+00
-2.373017905262831917e+01
-9.030290258958126515e+01
-7.777308524297251324e+01
-2.844107899908882686e+01
-2.116523931291760618e+01
-5.733879887237871742e+01
2.132887245050202907e+01
-4.167202018469742342e+01
-3.782255714128580593e+01
-4.057248487874159792e+01
-2.483880155778436460e+01
-7.389469445452462537e+01
-1.406903422361807827e+02
-5.563239970311067140e+01
8.762520048858691624e+00
-1.269105445719007719e+01
1.924996770868022011e+01
2.287788376168347781e+01
9.090436980109343423e+00
-1.089827769401609103e+01
6.161913208608275738e+00
-2.552417806425375701e+01
9.167354566902585589e+01
-9.284362980526509546e+00
2.718713167504665051e+01
-2.589287234970721130e+01
1.522064220623631137e+01
-2.225589461617722264e+01
-4.626637252826424351e+00
-3.095764733527120072e+01
-1.271831068717729174e+01
-9.030290258958126515e+01
-7.777308524297251324e+01
-2.844107899908882686e+01
-2.116523931291760618e+01
-5.733879887237871742e+01
2.132887245050202907e+01
-4.167202018469742342e+01
-3.782255714128580593e+01
-4.057248487874159792e+01
-2.483880155778436460e+01
6.902911424165053766e+00
2.136901321853054814e+00
-3.386192702471594629e+01
-6.465527598397064146e+00
-2.855194455378461882e+01
-9.703210346768313954e+00
-1.712094804391136593e+00
6.090085725099481095e+00
-1.248773304848298515e+01
5.733960293127665864e+00
5.827463133247438520e+01
3.226297350226343230e+00
7.812035199520292572e+00
-6.425549855027173862e+01
4.411153712330064991e+01
-6.779570726613363796e+00
1.627860879862333476e+01
1.739711702866813070e+01
2.508693421900289522e+01
-2.428638484904575634e+01
-5.045941439440316856e+01
3.768279595631596379e+01
1.125864636778589478e+01
-7.789010354816577220e+00
1.102665715892860732e+02
-1.485164652615224234e+01
1.609136940754355649e+01
2.447565160884963831e+01
-6.878497290432094680e+00
1.160582878474490975e+01
-1.302515092181379543e+02
-5.895553296091238593e+01
4.090445073615611449e+01
2.073724103246254558e+01
7.400798264214685673e+00
-7.614098320288031907e+00
6.442554515374268931e+00
-9.894425045891026116e+00
1.424729625114694009e+01
8.116596442917263232e+00
1.096200294752480033e+02
7.519141029527841624e+01
-7.975986315411325300e+00
-1.055952344584705660e+00
1.298480653518907069e+01
-2.359422614831431630e+01
-1.403338324994232877e+01
-5.420517628063958426e+00
2.587028489663432751e+01
2.588072749376694404e+01
-6.011349402425407717e+00
-6.632417571443295401e+01
-7.703032867209124390e+01
-1.115718486511896312e+00
8.009951293814837925e+01
-7.985839913498777420e+00
-1.605518656425662272e+01
-2.372020977703605027e+01
2.447135542365578331e+01
-1.549818338510180205e+01
-7.379914873821796562e+01
2.477738621589733015e+01
-3.213022715132468221e+01
-3.119891351246752720e+01
2.450341118356844206e+01
-3.921392860813246273e+01
-1.341350218713275844e+01
7.133812655380600276e+00
-2.892976315317235958e+01
-2.551216931608698002e-01
1.880334196487216047e+02
-1.383398460074450886e-01
-2.322680929404004146e+01
1.212020957729286152e+01
-4.160029683629612407e+01
1.660023233788711750e+01
7.764746357938094867e+00
1.979290181901058432e+01
1.003052073045552106e+01
-6.041368240535314627e+00
1.161407151180858506e+02
1.727787061274949210e+01
-1.155026100471706485e+01
3.073975691458137049e+01
8.164198351816221333e+00
8.324994038923913209e+00
2.156402071166011680e+01
1.805827269808892765e+01
-1.510844841517292991e+01
1.208174440203561417e+01
-1.538319524590435776e+02
-4.838223087237534514e+01
-3.004424651066664609e+01
9.298903698075452695e+00
5.432517324939112768e+01
8.146946959577984870e+00
3.919782313139030094e+01
1.468131494587006536e+01
-6.542241227736435683e+00
1.728218182698834937e+01
2.558469520608686310e+01
-4.637647570122540941e+01
-5.192086607224219819e+01
-1.353890659109334749e+01
1.059898540734502959e+01
7.842342323530743897e+00
-1.498694799512109732e+01
1.832661455321844812e+01
-1.882074551364877379e+01
-2.062842420905033336e+01
5.914683019438827216e+01
-3.448587657425724018e+01
5.780081071834893613e+00
-1.602580244097233120e+01
4.823406501636989674e+01
-5.107880773176561462e+01
4.549331285134798009e+00
1.206165840274837997e+01
2.399035139424701057e+01
-5.589887353062409581e+00
5.715368939502673129e+01
1.490004743063737713e+01
1.194116615646824808e+00
-1.054110525878923887e+01
1.405038853648616382e+01
-7.817014566430697364e+00
-3.364720751841507251e+01
7.167207795164832085e+00
-4.097906286667816644e+00
-6.398798992301909294e+00
3.881889478866695953e+01
-8.569827233664480559e+01
-2.197187352255817672e+01
-3.802790736931116555e+01
-3.032436853255609677e+01
-7.608626481714708234e+01
-1.016586876245337479e+01
-2.925372951112723996e+01
-3.592511055709774581e+01
-4.018854075995716357e+01
-2.916475446427622487e+01
-1.054999881199006317e+01
-4.755479147512001958e+00
6.963452953409103863e+00
2.786700006992139222e+01
-4.543865579339888683e+01
-1.927843688498291641e+01
5.583263617767658005e+00
3.185665104529979530e+01
2.595335728580032608e+01
-1.032809977587617567e+01
4.917705880636064109e+01
-1.000496678792630512e+01
-1.535841456973116470e+00
-4.712335174994522369e+00
3.620770705105951226e-01
2.170888854127340295e+01
-1.775618044622266822e+01
-1.930477277010491477e+01
-6.535105636909409377e+00
1.278906133808811347e+02
4.147069171581470215e+01
-4.445342152829149285e+01
7.467942637217140600e+01
7.935604123569555668e+01
1.453017505239843210e+01
6.253771572797870881e+00
-4.863262112038937346e+01
-6.329532819586829895e+00
3.945941222429165407e+01
3.570191810018977208e+01
4.336056040370097975e+01
1.378719401902736053e+01
6.772433905356498585e+00
-2.714579580055033858e+00
-2.602861754448649645e+00
1.568080546544717357e+01
1.668521686910872859e+01
4.959861526583989821e+00
-8.163469163170605114e+00
1.377245069981151744e+02
-3.404862588017079617e+01
-5.912472587410342584e+01
6.228270781265737099e+01
-4.338000043360559488e+01
2.343269415368698461e+01
-4.784757281621143221e+00
1.951051458273305172e+01
-3.444047693256517828e+00
1.298549020279354771e+01
6.843365278855458200e+01
2.582112783498638109e+01
-1.504425976927799624e+01
4.954535663242137233e-01
-2.858686416044111311e+01
-7.974263850901992079e+00
8.565207411219954992e+00
7.729810638911541743e-01
-7.768399996421676335e+00
3.787728597852592571e+01
-5.641399820328022230e+01
-7.444694281418547632e+01
-9.844992034003854542e+01
-6.238975379017451139e+00
5.190384516689208994e+01
-6.228712512876277252e+00
-2.164682732658101294e+00
1.560820212524613559e+01
-4.482602352408948576e+01
2.799071457761329995e+01
-4.745038527970940123e+01
-9.633603635814171184e+01
1.499808849555310353e+01
-6.058581689998220554e+01
2.736953297378118677e+01
-1.163884751776668125e+01
-4.234968472832881758e+01
3.412048311520042176e+01
1.149768002176265469e+01
2.442435986023132344e+01
1.270657798509831906e+02
-5.303191342984285939e+01
2.409075687222675199e+01
2.785844835780886442e+01
2.897766935722129844e+01
-1.829386166095754973e+01
8.149590822186311811e+00
2.009484489880378533e+00
-3.390261664023449129e+01
4.845515561592807785e+01
1.224038046053433781e+01
-3.459385853854185733e+00
-2.226277468147640803e+01
5.961018857428800999e+01
-2.493946307534897500e+01
-3.461689613705654978e+01
-1.690319711912817624e+01
1.779676149425832676e+01
-7.904238672706468627e+00
-1.709613073585343912e+01
2.161667149452097902e+01
-6.655692057952976803e+00
-7.010758415566432922e-02
3.149022977497422815e+01
1.434152110343026365e+01
2.376810267604892957e+01
-3.133356573077276863e+01
2.999714615398820072e+01
3.425631501573093374e+00
-1.444856312483086569e+01
1.340126698187685292e+02
-4.527928644253085722e+00
-1.865120308928828408e+01
-9.443849533548549857e+01
2.137429157630496945e+01
-6.323121818824695151e-02
7.241877144035733238e+01
6.624186063938628521e+00
7.856054938951494648e+00
7.062227584920756840e+01
5.554350650615758411e+01
7.391201806593501544e+01
-1.031046874432012039e+00
3.600024413720811367e+01
-3.337467978734081697e+01
3.177266023216808399e+00
5.698548166898167011e+00
-2.087671901967153332e+01
-3.482275368420121087e+00
-1.217077824246166529e+01
-1.827911485096795730e+02
2.991490243966120133e+01
-6.575465971507297525e+01
-2.219480263846882551e+01
-3.459014311745437453e+01
1.719525345392420945e+01
1.569521398380300248e+01
-4.082584750227482573e+00
-2.902512888880529829e+01
6.509072725142397431e+00
-9.348177994522691847e+01
-7.840112769664604286e+01
-6.503566352880100965e+01
-2.972904697676987240e+01
-3.199065766998497296e+01
2.297428360955540594e+00
1.152630264949211991e+01
-8.084533040102909851e+00
-2.612377123972230919e+01
9.546360555873036446e+00
8.647804043236106963e+01
-4.685950566201808698e+01
-5.004193555055514508e+01
5.111340271573340743e+01
-3.631181393552711967e+01
2.873663151952269601e+01
2.973099050839455249e+00
2.215626429180892387e+01
-3.493431658183051525e+01
2.399989128537749483e+00
-9.048791376488537708e+01
-5.408041098549079351e+01
-8.413934362387600174e+01
4.270437070624927278e-01
-1.845205746514355027e+01
8.669257096588717459e+00
1.761660236179977801e+01
1.683499923518335351e+01
-2.519102431261089592e+01
9.308131384209891834e+00
1.103863913855942513e+02
-2.652208269955505671e+01
6.222130128443853181e+01
-4.551982067297023482e-01
-6.541653242919829303e-01
7.291789790780875968e+00
5.765108775522588047e+01
1.753065401104161225e+01
-2.500307981664293777e+01
-7.548993186378732290e+00
5.626352345751332251e+01
9.311918437673962501e+01
4.556916808131858687e+01
-2.525687068624137410e+01
-5.265576439377559481e+00
-9.460048555675085069e+00
3.307829723561440005e+00
2.635256456895728761e+01
4.055827905242013287e+01
-9.640046740989928864e+00
-1.000076524405707801e+02
5.665190911442901545e+00
2.264451436352829106e+01
1.949689890618537547e+01
-3.049083884069936090e+01
-1.573725550484157054e+01
-6.077540068129608786e-01
4.578523157198314486e+00
5.419772236293155743e+00
-4.945868742544162089e+00
6.273358567088030924e+01
1.169133776964715992e+02
3.187764218969754992e+01
8.179864850418171329e+01
-4.247851172089759331e+01
8.675535658330200128e-01
2.788060951390665565e+01
-2.350783352853677499e+01
1.896119326560516427e+01
1.841210881695542056e+01
3.302103152748873072e+01
7.023754387962776491e+01
-3.118576209713809444e+00
7.633856143285958851e+00
2.221642181803336769e+01
-4.894581786749387931e+00
1.781221423959366490e+01
-3.005066339196656955e+01
6.345886086686080674e+00
-1.603057003129075397e+01
-1.166378480734502148e+02
-1.647991709976975194e+00
-4.730842667173349447e+00
-1.151520400121147425e+01
-9.098972098852321722e+00
-4.678982828681279216e+01
1.262393789956900036e+01
-2.574478504070310336e+01
-6.712549957352673680e-01
-3.564392160285903444e+00
2.422153590019287606e+01
3.065864188294621684e+01
2.943973683888736481e+00
-1.470110781652046228e+00
-2.681893888178043639e+00
-3.543403465485194914e+00
-2.024992991174236678e+01
-1.827556557224165346e+01
-1.092997729297029075e+01
1.369130451127446157e+01
-1.302735260136799127e+02
9.713127735742057212e+01
1.063894841099987865e+01
-1.394273986064607307e+01
-7.749036728353612957e-02
1.694273105132883117e+01
-4.772428259887843360e+00
-6.753669634718038495e+00
1.207847136434601154e+01
-9.961346787222716159e+00
-1.175588414753470090e+00
1.077306869777058438e+02
5.280490448159765648e+00
3.172771003927334732e+01
2.223034035095774286e+01
2.455056572201266363e+01
1.774217749258732368e+01
9.699267652160543207e+00
1.996199625766134744e+01
3.242494704706272302e+01
-1.749963139610836436e+02
4.714274093033210100e+00
5.740105080943436633e+01
7.168937413682345827e+00
6.759518305696846419e+00
5.684755507290859988e+00
-9.592725970113297862e+00
3.003123659481535590e+00
-3.461581585173055142e+00
-5.633226360636084395e-01
-8.076557135669210652e+01
-1.492273790621542773e+01
-7.706888610624146985e+00
7.132300094251323941e+00
-3.111738224736802039e+01
-8.191721935157653434e+01
-1.608507907575517493e+01
-1.983030800540818372e+00
2.296003917213311496e+01
-8.360241429416721104e+00
-3.143942523013568291e+01
2.190753902047921997e+01
-1.146872102166416418e+01
-3.541586557759882226e+01
-8.293040312642379064e+00
1.099719238176260028e+01
4.355626514964687779e+00
1.022713258226965394e+01
5.778535202808103399e+00
3.580630509501525616e+00
2.062001383076444938e+01
6.902560601897144466e+01
2.206632002441088147e+00
-2.397943153969254837e+01
3.149007495908038123e+01
-1.387995105730274759e+01
-4.595258613818717919e-01
1.137262870293885975e+01
6.412877031036788189e+00
-4.451814234963751282e+00
8.901523663838311506e+01
6.390086428727450851e+01
1.620587719874447075e+01
-1.415846776419193098e+01
2.561313401411699608e+00
3.032352924920317960e+01
1.432913081551887657e+01
1.470536140296667860e+01
1.071868527653624881e+01
1.882861322827363182e+01
-1.500929572904923930e+02
-4.281313764949508993e+01
2.117043947345181465e+01
-2.132637791672745564e+01
-1.182783329123232186e+01
-9.708808569874862737e-01
9.357537221613639877e-01
1.389037266779817514e+01
5.642884473308428461e+00
-8.249037435104149552e+00
-1.276904630775104579e+02
-9.891682078118257948e+00
2.895429457809619223e+01
1.473091938422801661e+01
-3.692401858504531020e+01
-3.714455496208228880e+01
1.394415027934102902e+01
-1.721487586588750318e+01
-1.303511834547749082e+01
2.455064003577092535e+01
5.367820727196065889e+01
1.166724526283154795e+01
-2.554019907833377623e+00
3.492809297029302762e+00
2.861684939844084496e+01
9.624443551234778127e+00
1.194008690996178679e+00
2.312545643658342753e-01
-3.555242877513973720e+00
1.528402850848079808e+01
2.229442888561761293e+01
6.691781105781809913e+01
-1.285248768320981760e+01
-2.120651938587869267e+01
-1.266763413492914303e+01
-4.353874789345275786e+01
-9.898866446566708888e+00
-1.961008897665166018e+01
1.075219150972345616e+01
-5.074647468651873439e+00
-7.824330969040408945e+01
2.058828459289987478e+01
1.629015643608022756e+01
-2.694604822400232891e+01
4.660638671310612580e+01
-2.602547756013090918e+01
2.998371004903730963e+01
1.939981951398511129e+01
-2.664818365217507790e+01
-8.723416592613677523e-01
-2.088012407585646599e+02
5.104315072871148828e+01
6.360099949840158473e+01
-2.725793560885216849e+01
-9.021909396801394143e-01
-3.521931322791248320e+00
-1.230752318063643180e+01
2.298803810356693944e+01
-1.983007484421136724e+01
-5.296057164720528121e+00
-1.202755354957347294e+02
-4.421917309018996711e+00
-2.729145840255058175e+01
-7.346713193472083958e+00
2.220213907947576359e+01
-1.716465446150345642e+01
1.153332721293913465e+01
3.197498305130152829e+01
2.490133062670116004e+01
-1.522505073680984822e+01
3.697454831995046209e+00
6.468154419369062680e+01
-1.138744979349319308e+01
-2.917047277066924593e+01
-6.054033246648201860e+00
-2.338802794873122082e+01
-4.828357095457470649e+01
-3.231526813969946232e+00
7.629048673887702137e+00
1.294772821911190519e+01
7.625891669995486843e+00
2.181654539786527636e+01
-2.000240778769440675e-01
1.479093495719532037e+01
1.584529755629061221e+01
-2.503016665005663199e+01
-4.333354961965942276e-01
-3.763351000431656601e+00
4.504948483716691321e+00
7.419266011903369318e+00
-2.756585280745207100e+01
6.987834366551845733e+01
-4.760184229573865444e+00
1.814655370855654226e+01
2.679606420784988075e+01
-6.199881603019807841e+00
-3.438088869084614174e+01
1.862830948396332076e+01
8.216301292960102032e+00
1.375625434789668944e+01
-2.134655524808453322e+02
4.466025814542206263e+01
2.199929243284434577e+01
-7.977433816347489604e+00
1.989509998471799079e+01
-6.119179324706322531e-02
2.485160855444823014e+00
2.085097830930490170e-01
5.408173412409343683e+00
4.631970243786098784e+00
9.290139810814969223e+01
7.947919158261599648e+01
1.490913868687473531e+01
-1.771808675038186820e+01
-1.513859897967861556e+01
-7.690646440096947423e+00
5.322005171584518912e+00
-7.214935524054355120e+00
-1.709730441693773750e+00
1.026774651723988407e+00
1.364360398237827177e+01
7.093960978988818056e+01
-2.149897869336808043e+01
-1.299804349481944321e+01
9.565179240268484762e+00
-1.375350817394857472e+01
-1.478900726380954644e+01
-2.476484437430239538e+01
1.408770732938356396e+01
-2.463060642468111183e-01
-8.165833246542082691e+01
1.013584102479550637e+02
-5.424144370557886674e+00
7.963122277750754208e+00
1.001206441485940957e+00
4.258215059936556202e+01
4.212555545140214797e+00
-2.564593707824672464e+01
-7.623302539162946090e+00
-2.143159550308643801e+01
8.866749743794035510e+01
3.013961267173392145e+01
-2.869294146218129526e+01
-1.346684437417967573e+01
6.029456548016945305e+00
-3.157203910644001521e+00
-1.776699232246054194e+01
-1.600553008469287519e+01
1.953930784786921837e+00
1.153832056437254172e+00
-1.840414480486616711e+01
6.444173477321477606e+01
-5.656092692476004657e+01
4.147244162181258531e+01
5.894851188502431683e+01
-3.501632076020257056e+00
4.366686376268253511e+00
1.150689459362810307e+00
1.499341448888305983e+01
-3.267334128475355470e+01
-1.409713310215232163e+01
4.252525621788186783e+01
8.767308862765411659e-01
1.155193791761423761e+01
8.733690222249268942e+00
4.315509176335020669e+01
-1.773602207216949367e+01
4.586688708356414956e+00
3.225474450120913605e+00
-2.230839363544607323e+00
3.697454831995046209e+00
6.468154419369062680e+01
-1.138744979349319308e+01
-2.917047277066924593e+01
-6.054033246648201860e+00
-2.338802794873122082e+01
-4.828357095457470649e+01
-3.231526813969946232e+00
7.629048673887702137e+00
1.294772821911190519e+01
-2.756585280745207100e+01
6.987834366551845733e+01
-4.760184229573865444e+00
1.814655370855654226e+01
2.679606420784988075e+01
-6.199881603019807841e+00
-3.438088869084614174e+01
1.862830948396332076e+01
8.216301292960102032e+00
1.375625434789668944e+01
8.263337171016034688e+01
4.088915136373459802e+01
1.235245107396653630e+01
2.216340754987158590e+01
-5.335802814124831883e+01
5.522926661688402739e+00
9.872925662066126762e+00
1.810609392896900971e+01
-1.874928159276575457e+01
-2.147450127397003072e+01
-6.820954522224317884e+01
2.166713690219606292e+01
1.951603203118252594e+01
1.474315901847818466e+00
-6.225768645560246739e+01
-3.057233351602259219e+01
1.483405280609816046e+01
1.195089013213553208e+01
-1.704162675348335299e+01
1.731592917783385843e+01
-1.699843425783851956e+02
6.184336421385702165e-01
2.941886340461068983e+01
-9.835615494957385962e+00
5.651758480855990641e+00
-8.932113581210648690e+00
-8.379877264514972168e+00
-5.565633960582569095e+00
-2.377941728913663066e+00
6.089248438893172244e-01
4.199343237482271718e+01
3.619719312289067403e+01
2.981724477983176413e+01
-4.172787848852236081e+00
7.522554075335665225e+00
-2.454651337841267633e+01
2.962036918538828001e+00
2.371072260710209889e+01
5.329589578479867917e+00
-2.169042330806534835e+01
-5.327084319650177235e+01
5.690576699553314199e+01
2.447962062003568207e+01
2.480608855837542848e+01
6.117438396298529923e+00
1.084701166034223974e+01
-3.463506912540921689e+01
5.482889527319934508e+00
3.130601020913710286e+01
-3.096246828978983068e+00
2.656239795468666287e+01
5.621814936820769049e+01
6.059849242621009324e+00
-1.392950343014067194e+01
-1.576204879002057702e+01
-3.048257616087630950e+01
6.149186106317294787e+00
-2.024525276754227221e+01
8.974271127769888778e+00
1.373672271266792855e+01
-2.088474139683688975e+02
3.264699740948058349e+01
2.673505479344084890e+00
-1.763369517093832783e+01
9.725078007991971418e+00
2.045423079382798548e+01
-5.855454270766849767e+00
-1.529945663201239725e+01
4.149748042953166127e+00
1.343084003546721128e+01
-1.275290898441437122e+02
-3.616721098303627002e+01
4.072981100657434439e+01
-6.616189522164064840e+01
-2.748646709974669378e+01
-2.504441408302128735e+01
-3.299589480516648621e+01
-1.063869810734947352e+00
-1.060934234873467163e+00
3.085228695982624814e+01
9.408607198165435648e+01
7.765981497635529252e+01
-4.478982829262705856e+00
-2.828889181904990124e+01
2.314805021910767024e+01
-1.558059040908033666e+01
-3.168095178718223792e+01
-3.510086914257218194e+00
1.585808016222581429e+01
1.256117642790028199e+01
-1.218240643298967569e+02
-3.084334133799016797e+01
2.821705260218568512e+01
-7.457260077766750150e+00
-1.470301943639648634e+01
-3.433743101245539009e+01
-1.821583217125603937e+01
-6.058668275637645317e-01
1.527779266376765399e+01
7.924643492557874147e+00
-3.135210053002379027e+01
9.096990725984332471e+01
-4.991427859329410666e+01
-1.145913364744675533e+01
-6.053419505399919132e+00
-2.943026324926976756e+01
1.280879318635317254e+01
1.859619768114661342e+00
-5.586212980944797124e+00
6.024064625631202929e+00
1.011554605924388728e+00
4.259496268710265809e+01
-1.468109441113556279e+01
-9.116593198230914297e+00
8.660083384069444890e+00
-2.816396172535915809e+01
-1.308884936254099784e+01
1.037073383608880484e+01
4.731571002073321708e+00
-4.083976361589589210e+00
2.782489671898562023e+01
1.025119584995738791e+02
-3.384470257753086031e+01
3.435744397245477533e+00
-3.042938688459518914e+01
5.494560499771540485e+00
-3.520586464112921732e+01
-8.804145924130006406e+00
5.742603177038390072e+00
1.151826702684258574e+00
5.380479075714318782e+01
3.490412103194917393e+01
-2.185943233754832704e+01
3.673458256169760006e+01
-4.738290390027652066e+00
1.098637100932559285e+00
-2.015524277880777859e+01
2.336315283448467728e+00
-8.104198827446349895e+00
7.481254691827138537e+00
-8.955848183885333214e+00
6.169891418598552235e+01
-4.172771526413401233e+01
-1.063436472881538286e+01
5.175171757434180009e+00
-3.435676125747285425e+01
-2.644516545517237027e+00
-3.869797043341041132e+01
-1.290895783030191879e+01
1.305345713198912683e-01
-3.901635319507055755e+01
9.141377974027851394e+01
-9.121098756303400279e+00
-1.923103610313471989e+01
-3.029450654853840419e+01
-1.466602585599960484e+00
-5.957316468530036246e+01
3.889207238569648695e+01
-2.992293775000995026e+01
2.467233294423800771e+01
8.371538070189753711e+00
7.693142453544592740e+01
-4.193626035292197685e+01
-5.003565374872130889e+01
3.197343501966866341e+01
4.089472739938816659e+01
5.533700775600281219e+01
-2.570157760106729938e+01
7.032154096143079869e+01
-3.602360140798968757e+01
6.432752443751166993e+01
2.626301293576763030e+01
-1.430999506061465176e+01
-1.918243267563082100e+01
-1.716734081626871600e+01
-2.932117409163491395e+00
5.126705095757613684e+00
-1.199645375718070106e+01
-5.589562051460550407e+00
2.102732499138440847e+00
-2.562412181911545161e+01
-7.871889437846308013e+00
-1.836509364029050850e+00
1.298063225011908450e+01
2.421778868741311541e+01
-7.408543941771020158e+00
1.518096332501324142e+01
-1.639055103447383743e+01
2.802279713204005063e+01
-8.573052355236180588e+00
-3.143942523013568291e+01
2.190753902047921997e+01
-1.146872102166416418e+01
-3.541586557759882226e+01
-8.293040312642379064e+00
1.099719238176260028e+01
4.355626514964687779e+00
1.022713258226965394e+01
5.778535202808103399e+00
3.580630509501525616e+00
-1.733089033958381719e+02
4.947190429197183548e+00
-1.145315420117874261e+01
-1.313040632209282066e+01
-3.426767637569663627e+00
5.464616356567201905e+00
1.662239795190396663e+01
1.401970615289872057e+01
-8.615184249425407614e+00
-1.209841908086434970e+01
1.499687759915981822e+01
8.206022842298418141e+01
8.665441949540879207e+00
2.569445511064385901e+00
-4.564740376207306660e+00
1.171446480038960658e+01
1.675244261087330955e+01
4.768461209085597119e+00
9.559556257229392173e+00
-3.700313476528716450e+01
2.048355535925704984e+01
2.512541400866813035e+01
-7.743537155089515522e+01
5.906114310486456986e+01
3.376858511444745403e+01
-4.737521420246554982e+00
-6.192937952289224057e+01
1.083112168305393919e+00
-6.845165799691100617e+00
2.233869128418572814e+01
2.656239795468666287e+01
5.621814936820769049e+01
6.059849242621009324e+00
-1.392950343014067194e+01
-1.576204879002057702e+01
-3.048257616087630950e+01
6.149186106317294787e+00
-2.024525276754227221e+01
8.974271127769888778e+00
1.373672271266792855e+01
4.199343237482271718e+01
3.619719312289067403e+01
2.981724477983176413e+01
-4.172787848852236081e+00
7.522554075335665225e+00
-2.454651337841267633e+01
2.962036918538828001e+00
2.371072260710209889e+01
5.329589578479867917e+00
-2.169042330806534835e+01
1.011554605924388728e+00
4.259496268710265809e+01
-1.468109441113556279e+01
-9.116593198230914297e+00
8.660083384069444890e+00
-2.816396172535915809e+01
-1.308884936254099784e+01
1.037073383608880484e+01
4.731571002073321708e+00
-4.083976361589589210e+00
3.111147710324836879e+01
6.878614372970123725e+01
5.822289853847616214e+00
-3.029724511581153479e+01
1.386382962064409163e+01
-1.519060872164782161e+01
-1.924874173157166624e+01
1.019261155798449181e+01
1.548897358826541648e+01
-9.984167224679429964e+00
9.408607198165435648e+01
7.765981497635529252e+01
-4.478982829262705856e+00
-2.828889181904990124e+01
2.314805021910767024e+01
-1.558059040908033666e+01
-3.168095178718223792e+01
-3.510086914257218194e+00
1.585808016222581429e+01
1.256117642790028199e+01
-1.709402658650057560e+01
9.070199093294263548e+01
-1.830386447817623363e+01
3.888407084413564974e+01
-6.525901157166567879e-02
6.146958633538201155e+00
7.606885237832929469e+00
2.609097404376116458e+01
2.676620603650360142e+00
-8.769521258229918459e+00
-3.901635319507055755e+01
9.141377974027851394e+01
-9.121098756303398503e+00
-1.923103610313472700e+01
-3.029450654853840419e+01
-1.466602585599960484e+00
-5.957316468530036246e+01
3.889207238569648695e+01
-2.992293775000995026e+01
2.467233294423800771e+01
4.881056929661148303e+01
1.137403788707403152e+01
6.173700615126928248e+00
9.300792035780193601e+01
4.101287173999743629e+01
2.862556421989588706e+00
-5.712905022576869385e+00
3.519791609559519685e+01
6.512670644975279699e-02
9.696018787489224522e-01
-4.092991214521403975e+01
8.453678227362939879e+01
-2.938041157112977686e+01
-5.099413824829123421e+00
4.312416563202230435e+00
-2.586612506617861129e+01
-1.250488532372349137e+00
-2.630940254574512949e+01
6.803543020925917340e+00
9.413151311310468117e+00
2.782489671898562023e+01
1.025119584995738791e+02
-3.384470257753086031e+01
3.435744397245477533e+00
-3.042938688459518914e+01
5.494560499771540485e+00
-3.520586464112921732e+01
-8.804145924130006406e+00
5.742603177038390072e+00
1.151826702684258574e+00
1.081894156599841068e+02
1.000747318915413331e+02
5.189157775896609337e+01
-2.203108825257609382e+01
1.816804234997108836e+01
-3.212195907969058339e+01
6.904400124922766224e+01
-5.475598388650404758e+01
-5.263821614297398810e+00
-2.386940576657785584e+01
-1.050630936529340289e+02
1.004187436427774429e+02
-8.482471926216101465e+00
2.672745101966240355e+01
-2.273971124019265133e+01
2.195676642320437341e-02
-1.224666267374791140e+01
-1.251062292450656344e+01
-1.068431470085257651e+01
1.815796864285511791e+00
5.319327140112277164e+01
2.009412607708831899e+01
1.615079728262120184e+01
-2.824949447148610915e+01
2.799877570205796751e+00
2.490019237177192934e+01
1.368996442063373209e+01
-1.399884353921568403e+00
-1.124936257928576744e+01
2.036155161114343137e+00
-8.612600888267283494e+01
-3.693950839760804428e+01
-1.238022330993582010e+01
-4.441597458015426270e+01
-3.799522562663646141e+01
-4.065483754461103416e+01
-9.542288366093684360e+00
4.850919215500590020e+00
-1.781085541683492579e+01
1.979589854648856928e+01
2.761790898911878500e+01
3.875807423947539121e+01
2.146182759857206523e+00
8.988432682685170150e+00
2.388968658741588591e+00
-2.659186309363169354e+00
-6.681458433393350660e+00
-6.572940111581320188e+00
-1.290333995403735612e+00
2.263404586834736332e+00
3.276102026134260825e+01
2.312076317673832548e+01
-3.296618013576247819e+01
7.098506749100492286e+00
5.600803003084852350e+01
-1.125910392384748704e+01
1.501413825106175537e+01
4.857570459268671037e+00
-5.319727933268262987e+00
8.065729053129365056e+00
-3.716742595480261002e+01
-4.420719683206728945e+01
-2.737755271774048182e+01
-3.051770920984020918e+01
-5.210508971038193948e+01
-9.287155727302132391e+01
2.652312151203019397e+01
-1.540077952112696558e+01
-6.214133115928045292e+00
1.179674299368070400e+01
4.160342891674690691e+01
8.252806152828246411e+01
-1.787597078884573065e+01
-2.359061795548536011e+00
1.739086717468656929e+01
-1.234759627782012004e+01
-1.313196859444977527e+01
1.160602399960841913e+00
2.628554072522359508e+00
1.340701697434989903e+01
-1.637952270535878885e+00
3.691190310176592959e+01
-1.540902367336583190e+01
-7.620165854619543211e+00
-1.495443020632687592e+01
2.032408351214615649e+01
-1.036759173063212458e+01
1.294467435165307378e+00
2.980768298237193026e+00
1.760786408776370138e+01
-2.089514681554956894e+02
5.538444397897201554e+00
2.040006331608267587e+01
-6.203977066223170134e+00
9.959675415138439902e+00
3.501045638873171839e+01
8.234336509666482229e+00
1.132008941745227659e+01
4.926067150126089089e+00
7.524647878982404059e+00
1.165589104913006713e+00
1.097919896275449076e+02
-7.915673518711540346e+00
-6.822454648395546428e+01
-2.511661342517851736e+01
1.823675938596415236e+01
5.027453321156341559e+01
1.830942290409006645e+01
-2.156362766961261102e+01
-7.515200882367346402e+00
-1.486500397786505445e+01
4.102299954301931706e+01
-1.427932826261252153e+01
-4.014628672422361433e+01
-4.667052092861648305e+01
-3.828049536699719368e+01
-3.439370381037226565e+01
1.319356972939013417e+01
-2.847107431713942649e+00
-2.200405444045123726e+00
-5.066761226148982500e-01
7.043614581358610849e+01
-1.068520292352953405e+01
3.253752979961411995e+01
-5.337144074850183983e+01
4.647740226274895137e-01
-3.774553460171927810e+01
-3.050418716038869160e+00
-1.180281016642171465e+01
-1.930598204405502827e+01
4.232480617537515855e+01
9.428272541607286428e+01
4.192478053129321580e+01
2.518800515102445203e+01
-2.479283172587629380e+01
-4.193183268454225043e+01
-1.064536672950375440e+01
-8.754711656493059380e+00
-1.026096466411621222e+01
1.146371959018438247e+01
4.162261631470506273e+01
7.931722061616025599e+01
-1.713821002359056678e+01
5.278456092258011978e+01
-4.445380512010482477e+01
4.765230014326003527e+01
1.466044314443192675e+01
2.433775045037334550e+01
4.986354375973236941e+00
1.122165164141103766e+01
-3.700944317713379661e+01
-3.073960765202717482e+01
-4.010964621089697602e+01
6.138385445044966104e+01
-1.059597707674121025e+01
7.116843855954102516e+00
-2.186657749547864071e+01
-1.761734534908773142e+01
-5.646564689282520533e-01
1.603824994835173712e+01
2.799208484803079955e+01
6.493474898438184084e+01
-2.254208403678951422e-01
-1.596048015560623412e+01
-8.585586394917752884e+00
-3.566829041607656237e+00
-8.034882065136794704e-02
-1.130893286338257697e+00
1.791674445608367350e+01
8.519114691954106533e+00
-2.055107374721648057e+02
8.481549841134054191e+00
2.202199841646112333e+01
-1.022985658740015857e+01
3.956892478715033246e+00
2.426316267337839960e+01
4.335645535349142321e+00
5.922708077976138519e+00
8.832964348489090511e+00
8.698779782223839518e+00
-8.497113124554568353e-01
1.003433628539359717e+02
-3.081131046433834086e+01
-2.588122673882567426e+01
9.494882812279980655e+00
-1.872286656396087068e+01
4.688138067612081983e+01
-4.981374895421625837e+01
3.562555874265071476e-01
-1.096279563948296598e+01
3.036741051209496778e+00
1.004558369685325800e+02
-6.790603361758864764e+01
1.456938628655723100e+01
-3.520482739628507574e+01
-1.735491245705120278e+01
3.680235245154752732e+01
-9.302976035573113478e+00
1.522906391665227233e+01
-9.617139880799404850e+00
1.412295652725140371e+02
8.121915405031810309e+00
-1.394623478131120464e+01
1.313800713510843821e+01
3.393992093779147012e+01
-4.292764363743468259e+00
-5.154046494154848546e+01
2.669072238632319127e+00
-3.164889350982458271e+00
-1.350610822215737583e+00
1.781547198673578123e+02
-6.100760756198432944e+01
-6.009852848178819329e+01
-4.260361734356141739e+00
7.043326696312473878e+00
1.625406946009630005e+01
-4.267078822929866533e+01
1.118540018498745425e+01
-9.743469152994419513e-01
7.148934648806892778e-01
1.346619503556935982e+01
-1.257141922687395841e+01
4.951593446870000292e+01
2.276074969690786176e+01
-2.160488781012724147e+01
-3.845703845378906749e+00
-3.127995774556160313e+01
-2.578928862019568502e+00
-1.990918706368345426e+01
-6.500790198115042884e+00
-3.741419467411189714e+01
-9.866131159700689324e+00
8.223763485605927315e+01
5.103732232909674593e+01
-3.541165898640522869e+01
-8.544024334261115072e+00
-2.056930011710109252e+00
-1.231330311387456256e+01
-1.444557538810256681e+01
-4.357142319332639957e+00
1.371907480730922941e+02
-8.132477503506987659e+01
2.826453453209531119e+01
-4.519780066177987976e+01
1.864584918374054823e+01
1.254680370903809994e+01
-5.178834496095007722e+01
-3.516108491266749070e+01
-2.591053388301978444e+01
6.124799455967520068e+00
3.892267359766861290e+01
-7.433746198413415129e+01
3.392504810485201006e+01
-2.855485385754741401e+01
-6.812852086491157877e+01
1.110529674150819446e+01
8.381720298540776071e+01
-4.872203449263590613e+01
-1.117417353123460089e+01
1.697398726160926330e+01
1.687753807878144698e+02
-7.055873667319953313e+01
3.468913700233782293e+01
-3.815089693219406541e+01
-3.226659966832952620e+01
-2.132298629287864244e+01
-3.425517865064093836e-01
-1.993301469846328899e+01
1.005492832054448016e+01
-7.441996269604518766e+00
-2.542360655988381168e+01
-9.111302116561262210e+01
6.876907144690595430e+01
-3.991724351540452176e+01
4.184446592098189655e+01
1.614279409770424722e+00
1.082475072855415377e+01
-3.497448124214930942e+01
1.121236390210499678e+01
-1.937438118926765540e+01
1.006665005273373197e+02
-4.222232189829721705e+01
1.496658310321857321e+01
-6.257352503402678678e+01
-3.227399173129212784e+01
3.198567405645154960e+00
2.458320723817140063e+01
-1.794336496042000917e+01
-3.321473917370125317e+00
8.142120131357019730e+00
5.359520092158557247e+01
2.922641283960492053e+00
5.652941119748669507e+01
2.185487042212463393e+01
-3.534026623840651382e+01
-3.516801372143306459e+00
1.538117426040878755e+00
-2.438822796620319266e+01
3.572028605383215094e-01
-3.443014751466394241e+00
-1.956144131248344422e+02
-1.596465363837487139e+01
2.515644883141305499e+01
9.636754163671408691e+00
-8.696919112902055105e+00
2.640971896057526180e+01
4.136908139477120017e+01
2.219791849406500361e+01
3.041306840096435690e-02
3.049923276942396733e+00
1.110487144628872329e+02
6.152030999138081313e+01
7.538193209715145393e+00
6.040636909272048882e+01
-6.012614445796382512e+01
-2.561059393152154229e+01
8.104344023600661728e+01
-2.196977735965913325e+01
-1.750774808635497592e+01
-2.553218778962706548e+00
-3.190529008926476351e+01
-3.758492934145690612e+01
1.063242714865055092e+02
6.312844430484565805e+01
1.710097800673560542e+01
-3.258327736077221459e+01
-1.671341315316871690e+00
1.005272697215868227e+01
-3.660428180250000452e+01
2.911400777750976943e+01
1.396868855802575915e+01
-7.427160818140224308e+01
1.782578222463352446e+01
5.267819089506939179e+01
-2.398263240256050643e+00
-1.749178698291761691e+01
-1.034483673864037101e+01
1.982522577418627918e+01
-3.107832933218508131e+01
1.943885368359463905e+00
9.744792070714225929e+01
-4.964762108642091221e+01
2.430294865598754228e+01
2.367466235696674914e+00
-4.369836111801105716e+01
-2.158240009976155349e+01
3.517143656655435535e+01
4.431146579425521281e+01
-3.634699454611764935e+01
1.774026774263118833e+00
-7.451470220321327531e+01
-1.349755909316141924e+02
-4.524034143655249807e+00
5.949120923305395436e+00
2.221847030232092735e+01
3.329867320743324477e+00
-1.930592465077996200e+00
-1.479067234214155846e+01
3.470468800092708506e+01
-2.106437205262245627e+01
-1.376726614313604387e+02
8.145389299868490696e+00
8.024483347780844156e+01
-5.066758059019943694e+00
2.707653249614824276e+01
2.048489646633467220e+00
-1.462779387027684663e+01
2.001129323139155147e+01
-3.743246431649404826e+01
-2.426419750705068168e+01
1.037673062875118006e+02
-6.711864616946873241e+01
-1.301985873708533026e+00
-3.513946642130078857e+01
-7.597767194110804923e+00
-2.373568083324244427e+01
3.116629247433154148e+01
-1.457476598259186140e+01
-1.728766411395032421e+01
-2.809508329779092861e+01
-9.901326603450959496e+00
-4.297335377198145068e+01
4.797642509306987790e+01
-7.736561655375021829e+00
-1.677396641391672105e+01
-1.086187417758109497e+01
1.948362865338216565e+01
3.269991933448181953e+00
-8.775900281823739491e+00
9.350672167984098948e+00
-7.697481964041425329e+01
-1.016677957297231671e+02
4.496128390995740887e+01
-6.282181675628552142e+01
-3.692294816912844890e+00
-1.300279414033754932e+01
-3.919967321367617163e+00
1.499219793814347668e+01
1.151957384293958997e+00
2.657492982211586252e+01
6.486190600151060437e+01
-1.937042983042233502e+01
1.507803084614594091e+01
3.376299508432497731e+01
3.220656288639729325e+01
-5.908422611154570347e+01
3.116708382587848902e+01
1.968947886318754215e+01
1.365341068436261729e+01
-3.742651955973632738e+01
2.314018789362009443e+00
-2.650812655977378540e+01
3.013159690874379848e+01
-4.680797359070692920e+01
-1.409011375491698459e+01
4.926181426953522902e+00
-1.012567120554024669e+01
-6.715260251759727628e-02
2.316222560078149684e+01
-3.210064992698295328e+01
-9.392807967207767206e+01
4.043978711640201595e+01
1.227014188293402697e+02
3.787047888761762238e+01
6.159287244024393537e+00
-2.613044021036752795e+01
4.728823196516428240e+00
1.517842435713379956e+01
-5.395261496981671456e+01
5.446003396492167248e+00
1.037673062875118006e+02
-6.711864616946873241e+01
-1.301985873708533026e+00
-3.513946642130078857e+01
-7.597767194110804923e+00
-2.373568083324244427e+01
3.116629247433154148e+01
-1.457476598259186140e+01
-1.728766411395032421e+01
-2.809508329779092861e+01
6.486190600151060437e+01
-1.937042983042233502e+01
1.507803084614594091e+01
3.376299508432497731e+01
3.220656288639729325e+01
-5.908422611154570347e+01
3.116708382587848902e+01
1.968947886318754215e+01
1.365341068436261729e+01
-3.742651955973632738e+01
2.104734823002314954e+02
-2.561009998252174213e+01
1.670100104050028733e+01
1.235708114300349436e+00
-2.673379993972886126e+01
2.161418495559483333e+01
-7.180161334080960245e+00
3.596652779456144700e+00
-4.396655962458438260e+00
-2.880328013101618456e+00
1.411332057584935455e+02
2.137048413230162591e+00
-1.978732185818174338e+00
4.138581726183126364e+00
3.934343337821911479e+00
9.835958351875568439e+00
-6.455827432418855594e+00
1.026593755917638795e+00
2.830068679562652179e+00
2.581000420695354958e+00
1.704691716897229696e+02
-5.188224661073193289e+01
-4.698553052448267664e+01
5.623190682201265389e+00
-1.777410100722538644e+01
3.296539807310504777e+00
-1.258102275910468215e+01
4.957164935271610773e+01
2.361288145754345891e+01
-5.183680060822466906e+00
1.837018702244188546e+02
-5.421921158471510438e+01
3.471312666006118519e+01
1.843099119016474163e-01
2.234065012827389296e+01
1.615238985723348719e+01
1.402754971650220561e+01
-5.564744463874395031e+00
2.003648513730757585e+01
3.264399033898295244e+01
1.294380434059647769e+02
-8.557969715953274203e+01
-1.510164226901049922e+01
-6.261239740516449359e+01
-3.518692813501245187e+00
7.709875292470113273e+00
6.017935740755491025e+01
-2.462852738606861891e+01
-1.936054338670162167e+01
-1.801272248583364988e+00
1.663419921445586169e+02
3.305939213902139961e+00
3.998253233341100810e+01
-9.766753814507335107e+01
-4.146338334980511320e+01
8.070190107620112130e+00
-1.703389775509167947e+01
-7.677244056934113381e+00
4.430499691978482701e+00
2.005172833723023373e+01
6.423659410319858409e+01
-9.160012748169874897e+01
2.532949220908874466e+01
-2.758421144754752419e+01
5.289420674245476306e+01
-1.508684313964877255e+01
4.051966733103682117e+01
-4.676702319863244028e+00
1.267428672096237818e+01
-2.525384192412566975e+01
9.726221685388152594e+01
-1.080255055011968039e+02
3.753525375729149260e+01
7.311342073451049250e-01
2.130379536523043171e+01
2.190238711425225304e+01
-2.613119798562037488e+01
-4.257692412734832743e+01
-1.009494355234427765e+00
-4.655128740124818876e+01
2.353765957783398619e+02
-6.080105319188580637e+01
-1.650276480276168556e+01
-3.235574581371040637e+01
-1.180888105571972169e+01
-7.029034916176230219e+00
1.435709540287446240e+00
2.376906372273251478e+01
-2.122878926285695300e+00
-1.370282393317517489e+01
-3.975826041123251287e+01
-1.806325745249022319e+01
-3.558078783061456818e+01
6.814342191167541785e+01
-1.054014214796243820e+01
2.152853928557044583e+01
5.728221402259463524e+00
-1.131405685271034578e+01
1.827797558787987953e+01
-6.024725604483474939e+00
3.602770531109968744e+01
-4.242499238848311904e+01
-2.072635229372912491e+01
-1.043599118310040152e+00
-3.161256459577635880e+01
-4.838925554149364672e+01
1.143090561691778362e+01
-1.904286013773203123e+01
-6.366888784412154223e+01
-5.043218146229025223e+01
-9.900599853014536222e+01
-1.378172571462238523e+02
1.866498784435147229e+01
7.965983367422680317e+00
-1.396507503771612058e+01
3.479914508046259680e+00
1.376786527993483666e+01
-4.781040375370667839e+00
1.861068321307748263e+01
1.924535594890990708e+01
1.990812791891972040e+02
-6.045262623344193287e+01
-9.456320907744067972e-01
1.717426954998599342e+01
-4.859463178696335461e+01
-1.043068286976033221e+01
3.992933489966587590e+00
3.748638082141601302e+01
-5.151761159204898632e+00
1.171902257178846973e+01
4.146849667543505547e+01
-6.523839383822288340e+00
-2.550339946793539880e+01
1.918806230881647679e+01
3.438675125416676970e+00
2.922595911935664503e+01
-1.413764055492209515e+01
3.949977833076725897e+00
-9.000870702803691614e+00
-2.576860473783201488e+00
1.365138604201666226e+02
-2.821996341616993220e+01
1.633496135864143284e+01
-2.389424434838730704e+01
8.942689573521286350e-01
4.644826953510940548e+00
1.187172775744857134e+01
3.651620520986348595e+01
3.028428452307708341e+01
-9.692280774645489316e+00
3.489530985833727783e+01
-6.694798883499922226e+01
-1.126845368590859486e+01
-6.848909202523483231e+00
-2.326039666067068268e+01
1.055934392297684710e+01
-2.442634481165378091e+01
9.472352303481748947e+00
-1.709694774410362328e+01
-1.333901780985035401e+01
4.746622584533901090e+01
-7.718824254192853118e+01
-8.102198057994680624e+00
-2.449870943921282418e+01
-3.004462943367903449e+01
9.598476635334335372e-01
-8.749521659161791476e+00
-1.530987927373373836e+01
3.851652771980913492e+00
1.469778716466008550e+00
-9.839668444606232356e+01
-7.867562905931197292e+01
9.592424293946013591e+00
-5.599114347877799247e+01
-5.037318697646033883e+01
8.609636267242681384e+00
-3.462989884189844503e+01
-2.717697556270208281e+01
-2.463761119229908036e+00
-5.633881263408409446e+00
2.290728915915907464e+02
-2.341313015980407286e+01
-4.927276295846376541e+01
6.628316127005717817e+01
1.979118080479879183e+01
4.664354369718942195e+01
2.827560990488565551e+01
4.082342476203081816e+01
9.719515988840225162e+00
2.121504437568785040e+00
5.359520092158557247e+01
2.922641283960492053e+00
5.652941119748669507e+01
2.185487042212463393e+01
-3.534026623840651382e+01
-3.516801372143306459e+00
1.538117426040878755e+00
-2.438822796620319266e+01
3.572028605383215094e-01
-3.443014751466394241e+00
-8.802576581839808512e+01
-1.123206930238865056e+02
3.965989145208617117e+00
-1.425936356439776986e+01
1.681662409480512155e+00
3.751829503193454229e+01
-3.538182072848314164e+01
-2.456207335059495023e+01
-2.957219173217665542e+01
3.193203089159217356e+01
-1.196432816777051187e+02
-2.643599673558904684e+01
-6.251068181475122110e+00
3.527506010406577275e+01
5.420718481416000856e+01
-6.121835459126736367e+01
2.471263337706901098e+01
3.823386991203010865e+01
-5.778348196489547561e+00
-3.850425652172408775e+01
2.028930631831610469e+02
-3.139399696879064194e+01
-4.755735347084778297e+00
1.264862465459932750e+01
-1.214125057493702586e+00
1.622325786659225244e+01
-2.679554654931500135e+00
-2.623122895759509632e+00
1.399690138072978263e+00
1.996601653875076110e+01
1.294380434059647769e+02
-8.557969715953274203e+01
-1.510164226901049922e+01
-6.261239740516449359e+01
-3.518692813501245187e+00
7.709875292470113273e+00
6.017935740755491025e+01
-2.462852738606861891e+01
-1.936054338670162167e+01
-1.801272248583364988e+00
1.704691716897229696e+02
-5.188224661073193289e+01
-4.698553052448267664e+01
5.623190682201265389e+00
-1.777410100722538644e+01
3.296539807310504777e+00
-1.258102275910468215e+01
4.957164935271610773e+01
2.361288145754345891e+01
-5.183680060822466906e+00
-3.975826041123251287e+01
-1.806325745249022319e+01
-3.558078783061456818e+01
6.814342191167541785e+01
-1.054014214796243820e+01
2.152853928557044583e+01
5.728221402259463524e+00
-1.131405685271034578e+01
1.827797558787987953e+01
-6.024725604483474939e+00
1.498781791653505380e+01
-7.746687906926476330e+01
8.831908042641299517e+01
-9.859918138968139090e+01
-8.024277261597964639e+01
1.774454430701273466e+01
2.294367569268138141e+01
-5.238310912959101984e+01
2.378212029510811476e+01
2.135018992026016349e+01
1.890816341152053894e+02
-6.155834983218898060e+01
-3.786461511993105233e+01
6.928429956085745189e+00
-2.047161893534977750e+01
1.433018222830050981e+01
-1.352842495717490046e+01
1.328735593043129981e+01
-6.466488663613925603e+00
5.229872176380755633e+00
6.423659410319858409e+01
-9.160012748169874897e+01
2.532949220908874466e+01
-2.758421144754752419e+01
5.289420674245476306e+01
-1.508684313964877255e+01
4.051966733103682117e+01
-4.676702319863244028e+00
1.267428672096237818e+01
-2.525384192412566975e+01
-5.079396991256356131e+00
-1.334729345622931476e+02
-4.040034937236521273e+01
-8.964285659805023343e+00
-4.545915380582139509e-01
-4.111375866723223282e+01
-1.193459656398069724e+00
-3.563287962884805982e+00
9.873944880553915837e+00
-2.226398305468678007e+00
1.365138604201666226e+02
-2.821996341616993220e+01
1.633496135864143284e+01
-2.389424434838730704e+01
8.942689573521286350e-01
4.644826953510940548e+00
1.187172775744857134e+01
3.651620520986348595e+01
3.028428452307708341e+01
-9.692280774645489316e+00
-1.470968649294077863e+02
-1.231121163608685265e+02
3.963572329299545949e+00
-4.422197912842212197e+00
2.946542773742169885e+01
7.593244202436845569e+01
1.611960633361212203e+01
-1.138741790671969056e+01
8.040405557300944750e+00
3.405146245565333629e+01
1.990812791891972040e+02
-6.045262623344193287e+01
-9.456320907744119042e-01
1.717426954998600763e+01
-4.859463178696335461e+01
-1.043068286976033221e+01
3.992933489966584926e+00
3.748638082141599881e+01
-5.151761159204898632e+00
1.171902257178846973e+01
-1.086610389537080934e+01
-1.289808801398019682e+02
-7.988765315683295398e+01
-2.968334271380727696e+00
3.575479410691506210e+00
-7.913151105642433514e+00
-1.412896547468326425e+01
9.637830304959564387e+00
-3.005014611598232577e+01
-1.640120843124601180e+01
-8.767963451707360889e+01
-4.405171228049852061e+01
7.916263484093036595e+01
5.494538080389065016e+01
1.608970321509693946e+01
-5.967942290131880156e+01
2.538024093222779243e+01
-3.017285154886791609e+00
-4.507461182849422698e+01
-1.695108391398912673e+00
3.489530985833727783e+01
-6.694798883499922226e+01
-1.126845368590859486e+01
-6.848909202523483231e+00
-2.326039666067068268e+01
1.055934392297684710e+01
-2.442634481165378091e+01
9.472352303481748947e+00
-1.709694774410362328e+01
-1.333901780985035401e+01
9.632133473512983812e+01
-6.866457028269640261e+01
4.401350222707267079e+01
-7.509478649299768449e+01
-7.249161025381616774e+00
-1.886534574758900717e+01
4.371580283202202111e+01
-2.820026291684664344e+01
-3.150898143745353508e+01
1.209669807414788245e+01
7.136530928183705669e+01
-6.207273215290469182e+01
9.631452698050932071e+00
-5.257254215463329494e+00
-2.592809596659784077e+01
3.648163382287713574e+01
-2.454602624697613322e+01
-5.251382788766557752e+01
-4.919187341325091722e+01
1.917855148873438154e+01
1.771136955421974903e+02
-7.555166569674460675e+01
-7.315878081715419867e+00
1.296923445972307576e+01
-1.942439430361393349e+01
5.015245208083118911e+00
-7.789720640682495478e+00
1.609706170945905868e+01
-1.360706299047869550e+00
-4.244825344973096826e+00
6.126885060253244575e+01
-5.318092477066571178e+01
2.512594308643817342e+01
8.299703693578008412e+00
4.097510813196393542e+01
-1.445413220257799303e+01
-1.503056682693013002e+01
-4.050348587973547154e+01
-4.038525221942413168e+01
2.053223315674626548e+01
-5.157238434272844785e+01
-3.903389115873726922e+01
9.031944810970784943e+01
1.466744841566710633e+01
6.582730735015091739e+01
-1.280929853922368089e+01
2.731776908445964835e+01
-6.001873160231799842e-01
-5.033152335918635600e+01
2.786131752164734365e+01
5.686528525805766066e+01
-6.510156270059734140e+01
-1.718747819704445590e+01
-1.734445050957612722e+01
2.747004296029339088e+01
9.942727117103020262e+00
2.218984248841975315e+01
-2.023955470078084673e+01
-1.382074676649526701e+01
-1.700755050917628575e+00
2.780257802633060393e+01
-5.877982171833994585e+01
-2.913941292103642766e+01
2.537364247306521747e+01
-3.873146518673640770e+01
-3.357295195468847027e+01
6.935138668863710620e+01
6.004837365941328642e+01
1.613028160976681491e+01
2.096034952587772082e+01
-1.875561207526562271e+02
-3.437887467843173539e+01
-1.114205900229943813e+00
-2.639004046064605369e+00
-3.676336751334255748e+00
3.843317134174507999e+01
3.926863866984983531e+01
2.784018248899191761e+01
-3.741524223482609379e+00
2.158750443750144044e+01
-1.421545178183962435e+02
-4.264342926671677247e+01
3.905857767674982028e+01
2.246545600088071382e+01
2.743940899122938859e+01
-2.764721171149954770e+01
3.237250703400241036e+01
4.982765716038056070e+01
1.434456921187776235e+00
-2.157794912446080815e+01
2.319337628793114092e+01
-8.379127925101457208e+01
-3.027149109467475441e+01
1.577872590901879768e+01
-1.026719198922519283e+01
2.201754142921130963e+01
-1.167634065692348422e+01
-9.972625260477521181e+00
-3.339802803102278261e+01
3.175533230540133900e+01
1.532298347253586144e+02
-6.307889672405751469e+01
-2.327708368284681129e+01
2.905119125064231511e+01
2.174688066284263144e+01
3.064090866143737557e+01
-3.486684386288616366e+01
2.485082396107595670e+01
3.179747712559329198e+00
2.821785939427995871e+01
1.974053904546908598e+02
-4.606114684345494226e+01
-7.393052115787032363e+00
1.278590143625742925e+01
2.077871887567785336e+01
3.846254272244819639e+00
-5.681189456840824192e+01
-2.074172519522250013e+01
-3.396352317532743115e+01
-1.085601436760900151e+00
1.615648465185277018e+02
-1.634774243894221613e+01
7.114345222491524900e+00
-2.437132138525841540e+01
4.581803675168247381e+00
-7.791914370511856980e+00
-8.868337513142252604e+00
8.337751770079024904e-01
-1.203325112680372300e+01
1.167495563761223032e+01
-6.436360841943522360e+01
-4.934978404479934966e+01
-7.414777540417082946e+01
2.734269169561274992e+01
2.421623226172987842e+01
-4.256036842605220016e+01
3.196434407996260418e+01
2.718033162997259566e+01
-8.535875827106551128e+00
-3.178036339022870749e+01
-1.352515333842946745e+02
-1.007733857186597248e+02
4.474074195472852011e+00
3.154587652801483699e+01
3.251371041136041917e+00
4.206157754052210151e+01
-4.560246585450316914e+00
-4.033094625424264024e+01
-2.023608168823057696e+01
5.103855524371369690e+00
1.462469369639805166e+02
-2.418079850093189620e+01
1.173625934800333148e+01
-1.909480292991128092e+00
1.722166699857084993e+01
-1.798914269556187051e+01
2.557768434931113433e+01
5.600687500772708383e+00
-6.170209967073524204e+00
-1.878000903838353963e+01
1.146159881554254412e+02
4.333110315150493363e+01
1.026363299820627439e+01
-4.093222733617124298e+00
-2.751939920236721449e+01
1.955153765263958121e+01
-2.867564607851438652e+01
-1.650185319939735962e+01
2.270168696559851895e+01
2.443828385210341736e+01
-1.343016892424573143e+02
2.168040624765891167e+01
9.672516737324079372e+01
2.707954181977370922e+01
4.233002222848637075e+01
2.410991058909657259e+00
2.173934986078656451e+01
1.842159284377120088e+01
-4.816470076254064203e+00
3.068121492474673584e-02
-2.076560312885094390e+02
6.440284512108780746e+01
-8.946392626396292513e+00
-2.783578344005722016e+01
2.687008886059360613e+00
1.620721506610563978e+01
1.126816515864915225e+01
-9.841032731293806179e+00
1.493399552426772914e+01
1.734951112530803385e+01
-3.404469974195169613e+01
1.698501096024564276e+02
5.573425059374586255e+01
1.003887266599705157e+02
6.404118023495117384e+00
6.034780429900434484e+01
-2.367769177977614348e+01
-1.558912229012028128e+01
2.536546477053845550e+01
4.214917758791060720e+01
-2.047978871351951113e+02
8.890329054628193717e+01
-6.797231799785347306e+00
-3.532144706397340350e+00
-3.801234864456203866e+01
-8.663552937758232986e+00
7.877414652268799777e+00
-4.859037687476740253e+00
1.325139363320790586e+01
6.049906223413543671e+00
-1.798006874842141940e+02
3.510182201515377898e+01
2.863495720088363061e+00
2.366920892985963576e+01
5.652246704955443590e+01
-1.031111681950498493e+01
-5.204820853198746988e+00
6.863800807031693374e+00
1.716725373836935020e+01
-1.070995037064514932e-01
-4.235232075463567725e+01
7.896737657932122545e+01
3.285637877161344989e+01
-2.244574981521627066e+01
1.354324247661489622e+01
-1.032435518892601678e+01
-1.483286278264214175e+01
-1.994442439366309472e+01
-5.336738548491233303e-01
1.692899668775064015e+01
1.645719177552247743e+02
2.887865247648865363e+01
7.267965430392621329e+01
-1.014184814429780914e+02
1.278763684201970818e+02
6.157309261977502501e+01
-1.653325812228078462e+01
4.349020457599931611e+00
-6.026030808396589578e+01
2.722417403217641407e+01
7.585331117416037827e+00
-5.090947690177332419e+01
-5.701846787859692967e+01
-3.084032408329770103e+00
-1.346880437641896222e+01
1.438106488943910577e+01
-5.917829033297435259e+00
1.167145480866584251e+01
1.340441596985420425e+00
-4.018291700584189385e+00
-8.515949277465858813e+01
2.219877161247369202e+01
-1.830436663474673153e+01
2.183275292432237435e+01
2.502374378253911047e+01
2.089506379072937392e+01
-5.823169732104890528e+01
-2.062935141439702846e+01
2.152455283673116426e+01
-5.042570011409563335e+01
2.615394958935587155e+00
6.018955619948633995e+01
-5.526120328220417832e+01
1.981991073252980229e+01
-2.860346308030739948e+01
-7.341509333561235806e+00
-2.684693596845855978e+01
2.890575652433853548e+01
2.486209882286592077e+01
8.849941427353254397e+00
-1.408233899097890287e+02
2.016507385321274270e+01
9.804859815253072597e+00
1.691103848930065823e+01
7.922136197171553817e+00
-1.314856449619329304e+01
-1.339925139176963764e+00
1.877203776545751168e+01
-2.463874175421127788e+01
1.025883030063026702e+01
1.055135052169058980e+02
1.777578434840735326e+02
1.777281784914704943e+01
1.607211187168068278e+01
-6.869158983559442788e+01
-2.937119785078184009e+01
4.490196713767814174e+01
8.067914719881831331e+01
4.634297814638753721e+01
2.126217021940142260e+01
2.415306524760415812e+02
8.887092416315830690e+01
8.191991511893471056e+01
-8.695635747520896075e+00
3.373017104861427029e+00
-3.823348246772090953e+00
-6.057864510333370589e+01
2.193379259099821255e+01
-2.215192034287870726e+01
-6.935936501062471393e+01
-1.947880925420470817e+02
4.249025816220954255e+01
7.274143566963022778e+00
-3.106615800874198285e+01
6.788217710747010969e+00
7.563328334892832627e-01
-1.046160736161257709e+01
1.026873989600261083e+01
-2.446539242686426086e+00
1.695873987913013892e+01
-1.804421710870777531e+02
3.647139056338358643e+01
-7.251578573475709888e+00
-8.752378449639838465e+00
8.291386666916151782e+00
-1.107682194453264835e+01
2.872630060303158483e+00
1.732660659882572896e+00
-6.723389629766173492e+00
-1.322428709628223054e+01
-1.615396886341106608e+02
5.033541000796085996e+01
-7.121858814661213444e+01
3.048587853442672468e+01
1.844627000535328420e+01
-2.737459634682341658e+01
-4.252533035689761154e-01
-1.471294347809589453e+01
-2.776334010801928542e+01
-1.018706212444821801e+01
-1.587931682143100147e+02
2.523275484594808660e+01
-1.953053483126381806e+01
-2.238137176203339962e+01
1.961852905817682924e+01
2.555694385038872696e+00
-1.524469329745856072e+01
7.609267295357731165e+00
1.519212937172502187e+01
4.401236309323032891e+00
6.741253004303011664e+01
1.665117692658760404e+02
9.936360046388679734e+01
1.237135375076570654e+01
-1.765564712079437726e+01
-2.358076269676030989e+01
3.507457450316397285e+01
8.834285441766585034e-01
-4.409622225800458040e+01
5.275016533245659645e+01
1.565097392445093760e+02
1.882215391929834993e+02
5.012956132229238193e+01
3.200263546422698369e+01
-3.121390336758526374e+01
-1.418136934757935741e+01
2.534979019487184004e+01
2.847917880069983454e+01
6.130240043397252592e+00
-7.345835993678539566e+00
-2.219297654500756209e+02
4.298631224790341321e+01
1.630099327949379528e+01
-2.139831592622180167e+01
-2.339855277980236181e+00
2.136264576053013187e+01
-3.265925296559457625e+00
6.823366553577541183e+00
1.342264005254714476e+01
3.390894280292905183e+00
-1.216791821384845207e+02
9.163652291107781878e+01
-3.554201707859067749e+00
5.100783335390677564e+01
-1.312039130317813651e+01
1.998770312135491878e+01
-6.564364462555369073e+01
4.183580651794625282e+01
5.122034202317456675e+01
2.047139836626281806e+01
1.014782804281133792e+02
8.906388829497541337e+01
3.993828969070949420e-01
9.907200903801038905e+00
2.788132005579944206e+01
1.209461962667868917e+01
-1.521141751932651864e+01
-2.519309050174279196e+00
-3.462650251456421557e+01
3.392295899355672884e-01
-7.467807741587377279e+01
1.381057609078597181e+02
2.594338384877853798e+01
-7.656506303515060452e+00
-3.779442043762006875e+00
8.194442124552082873e+01
2.640932408089607719e+01
-4.789087836941371989e+01
2.667020931568963604e+01
-2.239037732605177311e+01
-1.853425239305670402e+02
2.507119534824899532e+01
-2.302376586526012048e+01
-1.890718044053569713e+01
-2.776522967813001230e+00
2.151370085842682744e+00
-1.384841360296546475e-01
8.117142537253691614e+00
-1.479739370510798047e+01
5.109896357561977354e+00
-1.865732646689170622e+02
2.809911106226190469e+01
-4.363746951768577276e+01
-2.205503331176154802e+01
-1.295193549574238290e+01
2.411708460845256496e+01
1.244361289280571992e+00
-1.498373266577781493e+01
-1.166106916631867563e+01
2.224526630341775757e+01
-1.580992626780449655e+02
6.743344213524154895e+01
-3.973175210566186166e+01
1.727303936711253485e+01
7.951504346994182626e+00
-5.483078518459752360e+01
9.170446707892725868e+00
-2.064779030797899750e+01
-4.775979128581640509e+01
-5.803165296567113884e+00
7.283700063772367628e+01
7.464382546630652371e+01
-7.458885828445023236e+00
1.239750832454441953e+00
-6.598585430215463177e+00
9.029894732409212921e+00
8.749733829219518144e-01
-1.268957050667388486e+01
5.879728709471103265e+00
-4.131267201889480489e+00
2.585090376284785521e+02
4.486381988382580488e+01
7.408657413445810391e+01
-1.820082714793765488e+00
7.725185735094879824e+00
-1.003058023200102733e+00
-5.222191812068400196e+01
-1.602151730718830436e+01
1.726013056724096995e+00
-2.746370466291061874e+01
-7.731070243417369170e+01
1.368138420629657048e+02
2.777323707747369852e+01
-6.879517183590044382e+00
-3.378000524917182723e+00
8.055890984879388839e+01
2.620003699594916569e+01
-4.829813935561139715e+01
2.718152176358965377e+01
-2.113968644287828980e+01
2.431637186252492029e+02
8.776111130692075335e+01
8.040213923356992609e+01
-9.579726732273000422e+00
2.364737197896935150e+00
-3.692134001740224658e+00
-6.002032696741382267e+01
2.225481358574464963e+01
-2.248205865455890162e+01
-6.922418049122245520e+01
-1.528817135834670182e+02
3.673429988692356574e+01
-2.931580122211179074e+01
-1.934744416277559331e+00
-9.586512762485822847e+00
-4.979212150920794500e+00
3.610272807956912189e+00
1.265369222550835637e+01
1.265349020193702323e+01
3.631642957311996156e+00
-2.014618648969320702e+02
7.705888721352800985e+01
-3.286656553095937738e+01
1.032599140014828265e+01
-7.174604082924180837e+00
-2.707614394722648399e+01
1.089768078531794515e+01
-7.861763032780652694e+00
1.278694560908937017e-01
-1.887315041911329061e+01
-2.033580318563512037e+02
3.039059167243601678e+01
-1.014759148279426881e+01
-1.888217756636052869e+01
-1.107571271463388918e+01
6.657221627491927585e+00
8.897595542452638284e+00
-1.120012636959537389e+01
2.074326454409922604e+01
5.886124491148517102e+00
5.220635706973299506e+01
1.201464257968284102e+02
5.510916388203008154e+01
-5.500744866062013472e+01
1.776571673700542142e+00
2.775114230583232811e+01
2.167636983640576887e+01
-5.273459898335679696e+01
1.819112084506452831e+01
3.753483080917922710e+00
-2.014618648969320702e+02
7.705888721352800985e+01
-3.286656553095937738e+01
1.032599140014828265e+01
-7.174604082924180837e+00
-2.707614394722648399e+01
1.089768078531794515e+01
-7.861763032780652694e+00
1.278694560908937017e-01
-1.887315041911329061e+01
5.490320299997910070e+01
1.263080361501289133e+02
3.040010272246805556e+01
3.776415932332791670e+01
-1.359709142392630454e+01
4.513137739357720335e+01
2.927023764486641255e+01
-1.258768648776029941e+01
-2.000158035768717113e+01
7.966041747891148361e+01
-2.005752044843659974e+02
3.293317153649604023e+01
-7.027664838257634550e+00
-1.130008276020347324e+01
9.529433386506042325e+00
-4.645498887349167383e+00
2.933590786270365403e+00
-1.194014912475686963e+01
1.373825271872000897e+01
-1.113380407290940122e+00
-1.979237004115426259e+02
4.371938125912115680e+01
-2.089517366490140304e+01
-2.162291032958980352e+01
7.452788926085916366e+00
2.456720208091257351e+00
-8.537732004050313517e-01
-1.208277298568580349e+01
1.145666053844491827e+01
-1.953507441616024076e+00
-1.897885835846674070e+02
7.919743532211032289e+01
-4.271014404159554800e+01
2.296311281593299825e+01
1.291574160634163171e+01
-1.598928649725287521e+01
-1.396078303913796681e+01
-9.776305315204558255e+00
-1.967385007281199094e+01
7.472699063571450195e-02
-3.147387558143361908e+00
2.594070648690205516e+01
2.599417073984502125e+01
-3.215907915430442898e+01
4.236059867408517476e+01
1.187384124531313390e+01
-1.370180129679860670e+01
-3.344044420348526359e+01
-3.997277990467597242e+00
1.313539935909386358e+01
-1.344585306635383688e+02
4.801921958884630470e+01
-2.612696879339604195e+01
-5.237741479621999652e+00
1.935659175898494766e+01
2.452828883872368948e+01
-2.601364400183183179e+01
-2.679466204573714805e+01
8.464200477086261998e+00
-3.147471645262988815e+01
-1.724151028273876420e+02
6.195414670133384050e+01
-3.072453653125251094e+01
1.068730329032437609e+01
5.345400722042427333e+00
7.325227312491874976e+00
-2.129415326106959583e+01
-2.156891068148353341e+01
1.164323077754905356e+01
-1.595674790533541554e+01
-6.519605197247673800e+01
6.755257299682240557e+01
-1.510156192788799423e+01
4.460407348238299541e+00
-4.738656350370602510e+00
-1.040302987493941345e+01
1.551794231199422214e+01
-2.019968157696658828e+00
5.221628245335703689e+00
3.672593499129405359e+00
-7.155935892467574888e+01
1.382802313419878359e+01
-5.981021994714626366e+00
2.499807803868634881e+00
-3.096588739028031867e+01
1.338239541171848401e+01
1.803515434174733301e+01
-1.402719790711696923e+01
7.791424568355780345e+00
3.118488397164319359e+00
-2.184846088984159849e+02
7.350779330755368335e+01
-2.495060786149190335e+01
1.957331312116036726e+00
1.248277900109060617e-01
-1.773324898349302003e+01
1.430015539609196651e+01
-1.061711029407138085e+01
-4.833434614608251856e+00
-1.324057598325900820e+01
-1.638520785748064839e+02
2.861182660313673765e+01
-3.891222271245574404e+01
-4.828984437230159799e+00
-2.356562216225620077e+01
-1.207295903749328936e+01
3.054651011347278455e+01
-2.968044371826060512e+00
5.616311806093188252e+00
7.428652988390185286e+00
-1.804361151500586971e+02
3.648508004418386719e+01
-7.265600628647272963e+00
-8.764625822608039130e+00
8.280293759381194718e+00
-1.107805528362280612e+01
2.887736802428762850e+00
1.731616799171040055e+00
-6.717917573908043671e+00
-1.321729539927381758e+01
8.602351002244752465e+01
2.569214969309130225e+01
-4.326145227191236131e+01
2.556641805078958640e+01
-5.323233692578064336e+01
-2.788869748087482225e+00
2.253777411268321273e+01
9.802110687610786854e+00
4.714851317484334281e+00
3.412883671443722733e+00
3.988303615006945080e+01
8.329010183109318177e+01
2.685872390765953810e+01
7.821253370530190985e+00
-5.873570013023261538e+00
-7.973809703193359688e+00
-2.685725886800654649e+01
4.243062782039678460e+00
1.840083236554988488e+01
-2.002860202564705538e+00
-1.724151028273876420e+02
6.195414670133384050e+01
-3.072453653125251094e+01
1.068730329032437609e+01
5.345400722042427333e+00
7.325227312491874976e+00
-2.129415326106959583e+01
-2.156891068148353341e+01
1.164323077754905356e+01
-1.595674790533541554e+01
4.129187540313001281e-01
2.281194591845957120e+01
-2.466447836764708157e+01
-7.747513415888632515e+00
3.679870429162065193e+00
1.714895838908497439e+01
1.959945972677762782e+01
1.289610316301617043e-01
-5.762237768366255786e+00
1.280982073896155171e+01
-1.979237004115426259e+02
4.371938125912115680e+01
-2.089517366490140304e+01
-2.162291032958980352e+01
7.452788926085916366e+00
2.456720208091257351e+00
-8.537732004050313517e-01
-1.208277298568580349e+01
1.145666053844491827e+01
-1.953507441616024076e+00
-1.498831172447695792e+02
3.273045553237327709e+01
3.937074206111525854e+01
-4.504684551896770195e+00
-2.323199919788192958e+01
-3.727661607733269022e+01
1.121873559961377431e+01
2.863635777280122241e+01
1.590128161059954248e+00
7.540169543887433434e+00
-1.344585306635383688e+02
4.801921958884630470e+01
-2.612696879339604195e+01
-5.237741479621999652e+00
1.935659175898494766e+01
2.452828883872368948e+01
-2.601364400183183179e+01
-2.679466204573714805e+01
8.464200477086261998e+00
-3.147471645262988815e+01
-1.764789380301006076e+02
3.693615949564494372e+01
-6.720663702804232287e+01
1.788682988202458413e+00
-4.846363292685254009e-01
-1.780951797920998203e+01
3.259598088561737939e+01
-1.471396365222530989e+01
-2.093177468911760641e+01
-1.512035002125689642e+00
-1.009729028840035596e+02
5.484935693801352130e+01
1.736068541018236999e+01
-2.207794377191803292e+01
-7.575604624442262569e+00
-2.055037571199295954e+01
-1.405139218166278425e+01
5.160880168015792968e+00
-2.368433752772832968e+00
4.242903104137464299e-01
-1.624833846074754717e+02
5.302021940657484578e+01
-6.393033703898942122e+01
3.925310870340090474e+01
-6.131170939393043362e+00
-4.336035419184407402e+01
2.877107217600786804e+00
-1.815343258265820836e+01
-2.358446526791177433e+01
-3.365645697055531826e+01
-1.427096527596201270e+02
5.385364074618859576e+01
-1.994307574730784438e+01
3.352362009191160297e+01
-6.115352807464964968e+01
-1.300688349814680933e+01
1.286562583836823137e+01
-5.743335511617542188e-01
1.779425042355070730e+01
2.264193552979206547e+00
7.772867029206918410e+00
3.937088206605461949e+01
-6.492638240910951986e+00
-2.933499629745061554e+01
4.577851932566150595e+01
2.808999427661519732e+01
1.604156134006651691e+00
-8.313951617014588180e+00
4.732816949769984127e+00
3.818097555431803070e-01
-1.487975534094349257e+02
5.674086661281233290e+01
1.055780661469049875e+01
-1.177449193932152660e+01
-1.855220192689047920e+01
-1.628061659696692942e+01
1.474329547960395059e+00
-4.273425484514605244e-01
1.559243316686656833e+01
-4.685579788762468390e+00
2.104525895716424699e+01
5.078375880892693317e+01
3.035709747872197184e+01
-2.945648763425476346e+01
3.515055881848899944e+00
4.027783425505221615e+00
2.219872420765444687e+01
-1.439183514522226481e+01
-3.990962569145088068e+00
1.536660878865783353e+01
-8.342879125994676315e+01
5.306737813083323374e+01
1.461076327115414841e+01
-1.637586789765854256e+00
-2.239021238457071572e+00
1.547051418256952537e+01
1.478174882967498505e+01
1.841834236715456896e+01
-2.597945600446016190e+00
-1.763473756023187677e+00
-1.580992626780449655e+02
6.743344213524154895e+01
-3.973175210566186166e+01
1.727303936711253485e+01
7.951504346994182626e+00
-5.483078518459752360e+01
9.170446707892725868e+00
-2.064779030797899750e+01
-4.775979128581640509e+01
-5.803165296567113884e+00
1.244493471262150877e+02
1.272164114958369652e+02
1.063621571915209358e+02
-1.912628775035954121e+01
3.227123142715581139e+01
2.917415535614387778e+01
-1.715822596745092454e+01
-1.792415221402739078e+01
8.056449436261942765e+00
-1.054218231536161099e+01
-3.801239210747840502e+01
1.653645719335668787e+02
4.297099310109150849e+01
2.079050925567588948e+01
1.454814894944178150e+01
1.094267410046543709e+01
9.098796611509596843e+00
9.450576226041384587e+00
-9.942393721633008496e+00
9.972577008824817568e+00
1.368175051065131775e+01
5.029810946744077427e+01
-2.289882073862204592e+01
2.917670374288572432e+01
-1.811342181490468883e+00
2.170050544414431126e+00
-1.906018227541466104e+01
1.465632252785134249e+01
6.042956725666085660e+00
-2.183344519582691934e+00
2.675434394801282423e+01
3.517714271937877868e+01
-1.991143390648541356e+01
5.254314355742723208e+00
-1.439263263383320002e+01
-1.333192986852820816e+01
9.016580572980659625e+00
-1.502504774096363960e+00
1.748611286215012584e+01
-3.179567898422127392e+00
2.772614387245759531e+02
3.153877951259886459e+01
5.559347472997249184e+00
-9.990770663971739296e+00
1.707713842708364054e-03
-2.038879988706851876e+01
2.734319357556397989e+01
-9.634913985979581597e+00
-2.775832066250296748e+01
-8.320661425154892044e+00
4.669910695191778416e+01
3.704637170033092275e+01
-1.859686056351273820e+01
5.057327274267845496e+01
6.574277303239997927e+00
-7.648099150112023459e+00
3.555337603745002628e+00
3.522088779370383094e+01
-7.685109277825228347e+00
1.308767208169663832e+01
-1.802559662962576112e+02
5.558953101274472886e+01
-2.551588616451220304e+01
-9.084186207934243029e+00
-6.784042465924961185e+00
-1.174815104722097381e+01
3.023262906106916859e+01
1.133923034479071390e+01
1.166662521769824856e+01
-4.312231874155500577e+00
-1.271125645613807933e+02
4.119360288227055378e+01
-1.048258659978562868e+01
-5.222682012287767606e+01
1.957983734583946145e+01
6.604735910317143244e+00
2.253869989526903761e-01
-1.521546471855284466e+00
-1.197444331854515820e+00
-1.022611844930684910e+01
5.801126367599376721e+01
5.934392760142486622e+01
-7.643293710925438411e+00
-4.573056404096021055e+01
4.362286699536240597e+00
1.372669092951800174e+01
1.012095172115993158e+01
-1.039213882601774586e+01
1.781375355449570108e+01
8.947006908757774823e+00
9.296248688201195876e+01
1.156875665321082920e+02
5.566920080811802052e+01
8.971720855343747303e+01
-2.587310958691812957e+01
3.817889911580893880e+01
3.913378576872061920e+00
-9.051644144284477278e+00
2.813158778525429327e+01
1.069037792484878580e+01
-2.866516093315735603e+01
4.445500127099561638e+01
2.170220721679625697e+01
1.389581910735104486e+01
1.591907431466130696e+01
-2.885720136616402698e+01
-1.134225202639592212e+01
1.338829441984413116e+01
-1.630240672341166075e+01
-2.928663918037285541e+00
