1.968065584899847238e+02
-9.358072388780653839e+00
-1.685931050035413037e+01
-8.659650485419608401e+01
-1.211992104045076601e+01
-3.518472467347326216e+01
-3.006987063959917705e+01
3.675270489799759588e+01
1.308657818923037652e+01
3.311833696872274402e+01
2.292194139107575666e+02
-2.681769617654043980e+00
-1.758584818001103756e+01
-4.476173671589251768e+01
2.064582955175448475e+01
-3.479266555110113757e+01
6.884168187280649498e+00
1.475072348597938543e+01
5.551344574710701529e+00
2.409788833193579549e+01
-9.157771192925547155e+01
1.193630980091313631e+01
1.521647463540755219e+01
2.466768761104759289e+00
3.525530608476679983e+00
6.784405813846190014e+00
-2.030318988006898806e+00
-1.763120127755507482e+01
1.670973844059912494e+01
-6.024296469058085357e+00
2.641545441558572520e+02
6.864623007725647597e+01
-6.538154584727523400e+01
4.229440392108614333e+01
-8.011703491805239707e+01
-8.070700186267879772e+00
-2.120618099612049789e+01
-2.287337040089943585e+01
-1.094313640377316155e+01
-1.605658835175495014e+01
1.590200625783358532e+02
-3.495060155741256125e+01
-5.771331010808930273e+01
-5.516085788970716663e+01
3.897300814145697956e+01
-3.702179318893600879e+01
2.016455135495960960e+01
-1.250356941750673467e+00
3.602899895741182235e+01
7.161082351053302375e+00
2.149745860979300573e+02
-2.816077082032901657e+01
-4.304676617189610255e+01
-2.552874072653748172e+01
-2.056901423640317716e+01
-6.393029622666563938e+01
8.563151427846030117e+00
-2.641206519015097598e+01
-1.266303111066133091e+01
2.345688970758600789e+01
2.064427614583872526e+02
-5.521796497685836158e+01
-5.538459533265006485e+01
-3.644824816237634479e+01
-1.565447660994892054e+01
-1.877264284536200023e+01
2.080671501739773177e+01
-1.209606667070537611e+01
5.467464629531096909e-01
-3.062598666789227320e+00
1.936577169497741977e+02
-1.399940401078157315e+01
-3.037228475894577784e+01
-9.148175982627270741e+01
6.164470447494886152e+00
-5.498617242314000286e+00
1.324874354975401758e+01
-8.566121471264599663e+00
3.663831022860410513e+00
-3.319843503644194893e+00
-1.356728947689477138e+02
-1.513906172634068703e+01
1.389796796528579392e+01
-2.387160985395667723e+01
1.890193536425481113e+01
-1.763256931502042590e+01
4.371615749028377351e+00
-2.142852287398181943e+01
-5.416140931290286176e+00
8.574181512300826924e+00
-1.848621852306708888e+02
4.180089207747604974e+01
2.011812673045060862e+01
-1.303512873776501380e+01
-2.431725522827981045e+00
3.863871197887874143e+00
1.438685704419976830e+01
9.514138291848777129e+00
2.860846225512580165e+00
8.008130635393023056e+00
-1.330074725889513729e+02
5.778184520770824406e+01
4.662239319345064814e+01
-2.330194848422028286e+00
-2.286625205271871764e+01
6.307282329021073330e+00
-6.005303050885462568e+00
2.076528953788849918e+01
9.218807785669670407e-01
-1.210249168005929477e+01
-7.164332078756460476e+01
3.788805015522790853e+01
4.611814187381540364e+01
-2.978889319731814567e+01
2.900752380087291016e+01
-8.805024670920024832e+00
1.949018901598948617e+01
-1.774205669977207833e+01
-2.238101377883226828e+00
-3.272827563570159271e+01
1.849943180060710688e+02
-4.274924108012245227e+01
-4.860212208340765727e+01
-4.562646960811171226e+01
2.564757582333178121e+01
-2.174121621217487998e+01
-1.283815107629538943e+01
1.118607893563730826e+01
2.291600591638729512e+01
-2.168348098894081843e+01
-7.585210110222399749e+01
3.511348513080957900e+01
-1.703539851210333822e+01
-3.637407933700917084e+01
-3.953048605806041849e+01
-1.196724189156981755e+00
5.046888947929994629e+01
9.219070920323270357e+00
-1.052368249086905472e+01
4.002201375002635564e-02
-1.678105846356145605e+02
3.910194308568763688e+01
6.940295590356011957e+00
-1.324212225680161481e+01
-5.376205281908247535e+00
-4.475805568237810839e+00
2.084695839174330345e+01
9.688545777201959197e+00
-3.377987562046109282e+00
-3.084089206935519911e+00
1.611195299320439744e+02
-2.948684118485218164e+01
-1.510271077497358583e+01
-3.852578878685005748e+01
4.771368886256324515e+01
-3.014147367747374417e+01
-4.164314565130712964e+01
8.267970207864584609e+01
-1.570629864755751015e+01
3.855109921172677900e+01
-1.331970718581906681e+02
-2.591231941132834038e+01
5.492805415761270460e+00
-1.789600412396211127e+01
-1.967941930315582866e+01
8.345102417717265908e+00
1.759670832909103666e+01
8.649872927781300902e+00
1.699912845727421029e+01
2.084155311661715615e+01
2.200017748506256510e+02
-1.375732800903114317e+01
-6.432181335279527445e+01
-3.830747020960096449e+01
1.596379313391502563e+01
-3.658818533333379008e+01
2.512730055802000351e+01
-3.718209459706145736e+01
1.543228903658853213e+01
1.623146490421241950e+01
-8.181878766426601146e+01
9.385869524976949663e+01
-2.336183173293875015e+01
5.989717272555542138e+01
5.132435619312115671e-01
4.560398624142026591e+01
-6.818848958308484498e+01
1.743717632395532391e+01
4.724214474149377452e+01
1.690049561347144547e+01
1.611195299320439744e+02
-2.948684118485218164e+01
-1.510271077497358583e+01
-3.852578878685005748e+01
4.771368886256324515e+01
-3.014147367747374417e+01
-4.164314565130712964e+01
8.267970207864584609e+01
-1.570629864755751015e+01
3.855109921172677900e+01
1.889252744143244342e+02
-6.639119182669402619e+01
-5.444460438387390866e+01
-5.716190808446197735e+01
4.562630106749510084e+00
-5.951702468186828909e+00
1.798256891776923894e+01
-1.442070897741394653e+01
1.359960036564852714e+01
6.000464427876726958e+00
1.555487555524701975e+02
-2.023171561696205245e+01
7.943188844550368799e+01
1.836975494868501357e+01
-3.760227663631936679e+01
-1.835686575520961483e+01
2.690314120729663117e+01
-5.100433211564804026e+01
-3.366333176079258749e+01
4.002200557238870360e+00
-1.773393919356303172e+02
3.213478115431055215e+01
-3.492511266907959211e+00
-1.885747927332954177e+01
-1.749163577383924562e+01
-1.052893843147454822e+00
-6.893603365766105995e+00
-6.350698679151698833e+00
-2.477713751068142045e+01
-1.168678912643213508e+01
-1.229034074809129180e+02
-1.863834216240893937e+01
2.821360670299188911e+01
-4.317107832629727859e+00
-1.970286814178698975e+01
5.283319914066577638e+00
-1.348495840666397427e+01
1.201120264119990644e+01
-1.805274914390902552e+01
8.049020022828988985e+00
2.200017748506256510e+02
-1.375732800903114317e+01
-6.432181335279527445e+01
-3.830747020960096449e+01
1.596379313391502563e+01
-3.658818533333379008e+01
2.512730055802000351e+01
-3.718209459706145736e+01
1.543228903658853213e+01
1.623146490421241950e+01
-5.902758259751573178e+01
9.372375702711114087e+00
2.780964099481530383e+01
-4.681380139760106118e+01
-8.130805875451925147e+01
7.428188356129619585e+00
-1.749448374541945128e+01
7.297802335738986734e+00
-3.946769334477809821e+01
-3.629867287735193848e+00
-6.947959009408774023e+01
-2.749449028886484925e+01
-1.954154119088247654e+01
-5.087652064728109735e+01
-2.909069099485094156e+01
5.832905087259105947e+00
-5.957678618404158755e+01
-8.702350832382593770e-01
-1.319576852720955884e+01
-2.524221165313901238e+01
1.555487555524701975e+02
-2.023171561696205245e+01
7.943188844550368799e+01
1.836975494868501357e+01
-3.760227663631936679e+01
-1.835686575520961483e+01
2.690314120729663117e+01
-5.100433211564804026e+01
-3.366333176079258749e+01
4.002200557238870360e+00
-8.684440942623268711e+01
2.039550798819907840e+01
1.764588545533250041e+01
1.978256077187337203e+00
9.266071543969745861e+00
-1.349124614738772010e+01
-9.347930675892671459e+00
9.274908366274187799e+00
-2.661707261133470581e+01
1.098053209400218755e+01
4.302503420577654936e+01
4.349715223813648635e+01
3.127287576963037452e+01
-1.595193362414688210e+01
-2.204084344633260173e+01
7.648625124691220378e+01
5.536419127141525287e+00
-2.280916210726171656e+01
-1.053358978113337230e+01
-5.436580841703622724e+01
1.830136413541751779e+02
-2.697221008973359258e+00
-2.264280428209519869e+01
-1.167608877802509681e+02
1.133047651228470976e+01
-2.775771922305261796e+01
4.377109442144868012e+01
5.593010226072266278e+00
1.055120343437033270e+01
3.029549952252535761e+00
-9.879222059687693047e+01
3.196301090860174199e+01
1.236392228535746440e+01
-1.202857234206425652e+01
-3.748835438501660633e+01
-5.494627112190769225e+01
1.289397223353205924e+01
9.972667500104515526e+00
2.111155905483888873e+01
-1.219390172251821980e+01
-1.989474179030442826e+02
-2.324839112890939319e+01
-1.988654257402628289e+01
-9.320645613855308431e-01
3.011978142758777732e-01
-4.665055855701779386e+00
2.482570280803655649e+01
9.721596032249731678e+00
1.449209266521897455e+01
-1.189691646143692516e+01
-1.442337373062780728e+02
-2.847120297142181045e+01
1.473320047756159434e+00
-5.736905003280247328e+00
-2.100067053827688923e+01
-1.416834412920349617e+00
-1.645780389729064197e+01
-2.125424528999090512e+00
-3.509661392705645255e+00
2.704307147884600582e+00
-3.499448621265872816e+01
3.041658281131882546e+01
2.347127295277391923e+01
-1.309502155468734585e+01
-3.844252686918190420e+01
2.162140719062128014e+01
4.076383689517724918e+01
3.146294128413007130e+01
4.443026812446310814e+00
-1.573582968650097413e+01
-9.918637899829786875e+01
5.817018545165378640e+00
3.537368831870519870e+00
-3.991158902719451618e+00
-3.920444336113900530e+00
-5.563679386855779541e+01
-1.958046330815562897e+01
5.433153151397065450e+00
-2.265118358004604815e+01
3.619773286815801328e+01
-7.246030213161986921e+01
5.349382142902579851e+00
1.335669603605659539e+01
1.427422978393518704e+01
-3.095310338903244940e+01
-2.394083799466729090e+01
8.857784507566867305e+00
-2.291739348338494864e+01
-5.713898131832912952e+00
-4.663398692334680185e+00
-4.466348120382793496e+01
4.242318623835392266e+00
-3.697209460419193405e+00
-1.640610437121485532e+01
-5.846646767446873838e+01
-1.108491575767587811e+01
-6.110939030567444696e+00
-9.386776893181297154e+00
1.161738740334099163e+01
4.987437920192397400e-01
-1.678105846356145605e+02
3.910194308568763688e+01
6.940295590356011957e+00
-1.324212225680161481e+01
-5.376205281908247535e+00
-4.475805568237810839e+00
2.084695839174330345e+01
9.688545777201960973e+00
-3.377987562046109282e+00
-3.084089206935519467e+00
2.638518579702168267e+02
1.305884295066480547e+02
-6.132806024975087666e+01
3.368721167048209253e+01
-4.530824913747074589e+01
-1.483877016928841641e+01
-5.079759170065575802e+01
-5.233140311474457462e+01
2.976485973403642848e+00
3.591896660358328663e+00
-1.610107524501989928e+02
-2.141472391922832941e+01
-5.116966636513021882e+01
4.045990287999995161e+01
-9.676196480267506672e+00
1.417743166738771521e+01
1.823034273632600133e+01
7.189216999985011292e+00
2.030758103870569897e+01
4.273440235494019745e+00
-2.141697125447653320e+02
-3.637514455163189808e+01
-2.374814588254837489e+00
-9.539252668241749333e+00
9.898929139017629275e-01
-2.116725544129129588e+01
6.235542168330680646e+00
-1.227072513218407757e+01
-1.333550509893677072e+00
2.287761879401911447e+00
-5.365248825916079767e+01
-1.558262862984902419e+01
-1.126532259667954605e+01
-4.746357356919594395e+01
-7.002009421562760849e+01
-1.583084197329541176e+01
5.076483018430246830e+01
2.679140018406464563e+01
5.618772336733073303e+01
-2.889730665786558017e+00
1.469173117274282276e+02
1.019432451119554983e+01
1.631753828494461089e+01
-9.033269726608099859e+01
4.156263906888003845e+01
-5.605620502664751648e+00
3.618976714932465910e+01
4.211148447495403246e+01
3.608233393071642325e+01
-4.495518742506130394e+01
1.809214826817073742e+02
-1.452920548072352958e+01
-4.174659860866154304e+01
-9.340372047292936486e+01
7.188574168067495052e+00
-1.814570609212573515e+01
1.718918819426873767e+01
6.451160096726300708e+01
-4.172525340026699325e+01
4.998192013580382564e+01
-1.764505910010929028e+02
1.466068533276749797e+01
5.181410598194757355e+00
1.247388889558284752e+01
-1.125134610781326217e+01
-4.467638690311231287e+00
4.148127700014244112e+01
-3.825355204868180703e+00
-1.694911737843741051e+01
6.013989162483948547e+00
3.886749306318309749e+01
6.242260614107803463e+01
7.422713480687254162e+01
8.919226582090034583e+01
-5.334103424948477112e+01
-7.546458008597437583e+01
4.659941682881132863e+01
-8.714251534641147146e+01
-1.729156023072863491e+01
5.317347937739928909e+01
1.719309722266373512e+02
-9.047681584602754867e+01
-6.655201401924871618e+01
-6.145711536694179244e+01
-3.483718584054790401e+00
1.554153699912799169e+01
1.394170113387239951e+01
-2.404342743027124918e+00
-2.826107158232531802e+01
-2.100638597341652059e+01
-4.199182847685186459e+00
4.016766700896741327e+01
2.055759668585780275e+01
4.625069906557966348e+00
-7.652949157089283005e+01
-1.099736105647464157e+01
-4.894797258950890573e+00
2.450203365403925559e+01
5.489789409468582432e-02
3.943223387356407983e+00
1.558335562347861583e+02
-5.252869570075494465e+01
-8.446048258990222735e+01
-4.605892290586302096e+01
4.507196568018159866e+01
-2.855061323063645240e+00
-3.449712091607126752e+01
1.146280114204743406e+01
7.406732392154443012e+00
-3.441917429703272191e+00
8.631227062783334247e+01
-1.135598366515713877e+02
-3.879224293457217243e+01
1.748648173623424729e+00
5.939834559782088519e+01
6.374264675051635010e+01
-8.260067353925697020e+00
2.530908104396551650e+01
2.739513602447674057e+00
-2.749234489079405108e+01
2.520844295789680984e+02
-7.085355177090163714e+00
-5.255480105069196384e+01
-1.216275540846446823e+01
-3.019120821307939551e+01
-7.060774845688933965e+01
2.757266305966562570e+01
-3.026162489846216630e+01
-4.164676535478464281e+00
2.034280056332788433e+01
1.528140231639778506e+02
2.712457280001278193e+01
-1.899981545350178891e+01
-3.653598030200490143e+01
-1.339675791087864987e+01
-1.466481323229377765e+01
3.031317345278826636e+01
9.141241988672283991e-01
8.864234106315038275e+00
-1.242389334076997187e+01
9.965475940335482008e+00
-2.872965406437273472e+01
4.544219661729729864e+01
-1.731058386100661650e+01
4.724414106004561020e+00
4.093097131302212865e+00
-1.417653292311775814e+01
7.705015128419450576e+00
2.240005050411348009e+01
1.269899614052571479e+01
2.225386046013154555e+02
-1.551068311523340526e+01
-5.629579607750047643e+01
-4.770654413784307479e+01
-8.362004775294876069e+00
-4.506552619394084758e+01
1.452466553838952734e+01
-6.678147803443831521e+00
4.292581770054811230e+00
3.284097920114595581e+01
2.191804119096075851e+02
7.936938315458290560e+01
-1.581280220347653653e+02
5.900023015178199870e+01
-3.083010380716788124e+00
1.180274135415584524e+01
-4.572029281671500200e+01
-6.115808224134789839e+01
-2.469634397323201824e+01
1.815692127858136473e+01
2.359075294960172187e+02
-3.845373026335717537e+00
-3.181325969563923195e+01
-4.560720204718369786e+01
-3.267022951859450330e+01
-5.355627051304018238e+01
4.680825876071568103e+01
-2.437951086801131595e+01
4.814271780481802487e+00
2.286274854230148890e+01
3.866344846826551418e+01
-1.130000874351212872e+02
-1.635316237064759548e+01
-6.278896839922946782e+01
3.105092521442765485e-01
1.751995334311673602e+01
-8.442252607697337652e+00
8.680477764702632726e+01
2.780346773855305997e+01
-1.893945781337323098e+01
-1.848183228425469053e+02
-2.752930894861331979e+01
-1.397960726494631523e+01
-1.702528282832762230e+01
3.161925419634985523e+00
-2.734792058169736606e+01
-7.000736998643462883e+00
2.194116473781900467e+01
3.991949513648776815e+00
-5.372073109075533814e+00
-8.385702178255887418e+01
-1.278108501733232671e+01
-2.510583461779947712e+01
4.346873833231351369e+01
1.140789396578252024e+01
-2.893311281354792897e+01
3.717384568987343130e+01
1.924125701174481762e+01
-2.654947653276638775e+01
2.242021502853805970e+01
-5.336576923667005445e+01
-6.925973238423858369e+00
1.123803355588052888e+01
-9.561797829892517697e+00
9.840754217661665137e+00
2.613507165206321048e+01
1.097336390854080612e+01
1.589360560239685149e+01
-1.350569644422646398e+01
2.514093398059059581e+01
-8.345737304726590366e+01
-4.359536536413160235e+01
-4.286759679006947010e+01
6.235126956394767994e+00
-1.923589575479084601e+01
-9.785671913391997823e-01
1.688621044726831055e+00
9.901679655345855480e+00
2.863769228961815738e+00
-9.745704115983894411e+00
-1.615587746284129196e+02
-1.877381577229024145e+01
-2.008397212247098551e+01
3.214225198166864317e+01
6.620452511107717264e+00
1.042038132966599662e+01
-1.700679136868390273e+01
-9.964410761278974960e+00
8.198706591475243499e+00
-1.109274965954023173e+01
7.971478998067951238e+01
1.468400045956184563e+01
-1.101780363394587781e+01
1.171211157124421476e+02
2.163930682072211198e+01
5.581614822086819316e+01
-2.950141371604050278e+01
3.912098639119658117e+01
1.032891578717116658e+02
-3.810866515901802387e+01
-1.286740216146702096e+02
-3.267449562276933506e+01
-4.686512439063578839e+00
-1.769443626024361294e+01
1.706776565321152361e+01
-1.736624252435772320e+01
-1.099606090951375492e+01
-9.236172825517101614e+00
-8.898591278969826490e+00
-1.134043497692224278e+01
-3.254357556291952847e+01
-6.506916722798663955e+01
4.188495869180443520e+01
9.903428473594020787e+00
-4.447909453195655516e+01
-4.291257622662207893e+01
-5.061338945825220748e+01
2.361302568075995012e+01
-5.479109457992386467e+01
-2.383654252090223480e+01
-1.153463086801884785e+01
-4.439204580538610401e+01
1.875633441246178279e+01
-3.080250878733926001e+01
3.630353757611013421e+00
-2.101624640072786576e+01
-6.400118247611500166e+00
-7.757518688035290211e+00
2.410795165752357150e+01
7.722272751078836706e+00
-1.276473258185377802e+01
1.822736802192816086e+01
-3.002493767574033079e+00
2.187390711000507970e+00
2.191470340714127829e+01
-4.844325493015556816e+01
-1.257681019332677508e+00
-5.687926178653990661e+01
-4.850748478134966035e+01
8.665469774724289254e-01
2.132143328249627530e+02
-4.340493932185784587e+01
1.861763885914448524e+00
4.856085476401553791e+01
-4.360231420038572026e+01
-4.232849075541439987e+01
-3.355066546200358601e+01
4.578859846462362526e+01
-2.294599083542625806e+01
-2.059163130217984872e+01
-1.305493920826655483e+02
-9.020954206765709671e+01
1.155430397276813004e+01
-1.309541486348157147e+00
3.093963921132427686e+00
4.678470583020748030e+00
-7.165660301386186148e+00
6.620115741553561861e+00
-9.104209405250358600e+00
2.879198342311905279e+01
-1.383302739968009973e+02
3.954294563690613495e-01
3.610190111701752969e+00
-1.397863732401010850e+01
8.253503015034608481e+00
4.507743823532600658e+01
1.478968279783610562e+01
-5.495822014226355634e+00
2.789694756601468040e+00
-4.979574130640811092e+01
6.817604173359998754e+01
-1.058189178982660508e+02
7.492675297475244633e+01
4.173905584023089688e+01
-4.737068822125224443e+01
4.056562244466481104e+01
-4.323253125139202346e+00
2.538306536075895536e+01
8.958037971191812332e+00
9.601166026152711197e+01
-1.983647728620981923e+02
-3.837994433078097956e+01
-2.992292222539618241e+00
-4.641182657984367133e+00
1.352701480611947282e+01
-2.071246023002350256e+01
6.200306302926600566e+00
-8.800263649236084618e+00
-5.077790030815101829e+00
-5.113893179201373096e-01
7.847335108922339941e+01
-8.711214490969109647e+01
6.995321197035892169e+01
-2.632506230204725739e+01
3.976312306911969685e+00
2.184152764969840632e+01
-3.726381054555582750e+01
-4.874567006967402705e+01
-5.563408334621974660e+01
1.227309903562209925e+01
-1.557188676694879916e+02
-3.809489457941585755e+01
1.209227299920267917e+01
-1.049108279942975308e+01
4.764376688185596009e+00
1.052338034880713646e+00
-2.542934707749268597e+01
-1.883511987167536983e+00
-2.439306816089561902e+00
2.964941476212305815e+01
3.866893326495985406e+01
-1.026343598360976301e+02
-5.106199076129942682e+01
-1.168650349298702018e+01
6.971456816751287988e+01
-2.823871347853035729e+00
-1.646764859944221371e+01
3.136657281000639941e+01
-2.166577455450762457e+01
-8.867479681794291579e+00
-1.323132473799298907e+02
-1.047354449487418471e+01
1.155832277315010437e+01
2.047562015031414884e+00
-3.774730331622131452e+00
-3.524894050571492521e+00
-7.271186629295748105e+00
2.521905960422317072e+00
-9.143536233983111661e-01
9.540409181847866904e+00
5.793322364869528940e+01
-1.153778490842476003e+02
4.002873037777848708e+01
-9.044169207388644338e+01
3.178104014447508341e+00
-3.282927461845733141e+00
-6.172650380448538954e+01
7.047322256640983440e+00
1.931686884463310250e+01
-3.127951075476745046e+01
-8.054187683005984866e+01
3.963826930456496589e-01
1.093517575180940504e+01
-8.409774118307101531e+00
4.730356127728798654e+00
-1.286853165736020443e+01
1.990058812776855035e+00
-3.081744138696882729e+01
2.701076089767012078e+01
-6.154734552855582130e+00
-1.332624229504043569e+02
-3.611809721888925395e+01
-2.920667267992723737e+01
-3.070262147257311369e+01
-1.610188372626423359e+01
2.548320503804004034e+01
1.144016789130088263e+01
1.575793598658989403e+01
-4.227987561806809125e-01
-3.457701076836848131e+00
-1.349744859357568032e+02
7.136254916531947323e+00
-3.858304351602780002e+01
-1.984622410850296603e+01
-2.168226902059446459e+01
1.899358586952685002e+01
2.215290157289150841e+01
-1.338854730311374297e+01
9.867847141280151391e+00
2.789545784128323547e+01
-1.698215020945858669e+02
7.038078927331339329e+00
-5.357998228262529139e+00
-2.407336607780811377e+00
-7.318187902014059887e+00
-2.341252798968389826e+01
2.101193525724943711e+01
1.894941866159789434e-01
-4.073824653298992793e+00
4.015281161065669124e+00
-1.314972567512426167e+02
-2.770298775582272555e+01
9.153173299428440046e+00
-6.646445672865043619e+00
-1.617173566849869459e+01
-1.778091185225755666e+01
-4.115902533419621534e+01
-2.350622130693114098e+00
-7.210381246634455010e+00
5.065865235410192291e+00
-1.017423868029381140e+02
-9.611584282190579032e+00
-4.229908391027580095e+00
-4.397649380832966415e+00
1.490440734216729268e+01
-1.309232051268757679e+01
1.480372203964536482e+01
2.427513020206331529e+00
-5.589610697472488710e+01
-1.271509030348790326e+01
-7.045715181314764664e+01
-3.026621697579000525e+01
-4.059603454134018818e+01
-5.335699097451355755e+01
-1.516396355120984296e+01
-2.519897417416543206e+01
8.201739045113830784e+00
1.256584324818781440e+01
-3.524259722683531493e-01
-2.411988297488117183e+01
7.414115940933645454e+00
-3.703641700815509097e+01
3.546543312340520515e+01
4.939458118785835694e+01
2.228542760805277823e+01
9.446701712981548837e+01
-3.521621486597166495e+01
-2.066238079573539110e+01
-2.409220758760902115e+01
-7.362191094647211109e+00
-2.568997678345509428e+01
-7.906092482798194965e+01
6.398215504680997157e+01
6.515749730521072536e+01
2.675915585339583203e+01
7.737136873517789226e+00
2.184629903893369018e+01
-4.368688885506993103e+01
8.591242755402127784e+00
-4.067537424857238904e+01
7.300660793843121610e+01
-9.029711411531886256e+01
-6.377570048816123105e+00
5.795924223531472563e+01
-1.187529779042215949e+01
-1.985948470154941248e+01
1.377930150333095938e+01
7.955603452867404002e+00
3.825704644932525866e+01
-2.425503745990517146e+01
-4.867969937455502816e+01
-5.711093081601482169e+01
-6.157169002604149455e+01
-6.021837341432208746e+01
-8.675414661208826317e+00
-8.925748484711421682e+00
9.297113717609962080e+00
1.556174993116600369e+01
1.355638045069979469e+01
-1.785264598278404335e+01
1.739970416168894758e+02
-7.450278296094950292e+01
-7.773770410929182617e+01
-2.950861014038354568e+01
5.013547742249210293e-01
-2.071429783986877027e+01
-6.495314456198800102e+00
-1.117523270596564267e+01
1.280610741378651340e+01
3.742692965497880220e+00
2.319184947211470558e+02
2.677576056342350697e+01
5.640639760520909363e+01
8.160906958515020904e+01
-4.324378877502444851e+01
-4.696029667539016117e+01
2.305380138810003032e+01
-9.266412172925369006e+00
-6.024290986743543463e+00
-2.635559924309032453e+01
7.300660793843121610e+01
-9.029711411531886256e+01
-6.377570048816123105e+00
5.795924223531472563e+01
-1.187529779042215949e+01
-1.985948470154941248e+01
1.377930150333095938e+01
7.955603452867404002e+00
3.825704644932525866e+01
-2.425503745990517146e+01
-1.584895849389093030e+02
-2.653234902486865110e+01
-6.604494953157998616e+00
-6.896167350725135314e-01
1.100326206032521270e+01
-1.946533118002405160e+01
9.807897447252923229e+00
-3.579874137866330575e+00
1.656059773361347576e+00
-3.217694062612706851e+00
-1.376509022866270016e+02
-2.985233094436011214e+01
3.087538322883474606e+01
-3.816799806273827045e+01
-1.434828274632713985e+01
-1.528206643728448455e+01
-8.730089130941667719e+00
-3.001396922315364790e+01
6.783669901252279422e-01
-2.151664854054144982e+00
-1.650876003408567883e+01
2.605512088914006696e+01
-3.644519706071531573e+01
3.145969749675741767e+01
1.494601078163582564e+00
-2.062637512225081515e+00
2.580358501221910217e+01
-2.135183324458127530e+01
1.833578967300787710e+01
7.197165779055683998e+00
7.580719370478674080e+01
-1.181841802320520145e+02
-1.175259192109775768e+02
-4.686419319077636914e+01
1.323759533262930965e+01
6.358686559307837882e+01
8.891615370099300364e+00
2.448962460704442634e+01
1.181276496574773027e+01
-3.976309081424461489e+00
1.451991517195467054e+02
-6.783125068220897447e+01
5.181901857089713559e+01
1.114101766446040216e+02
9.314087830172685045e+00
-4.279729354183156431e+01
2.739521670822470512e+01
-1.603385617247394812e+00
2.113843194011819193e+01
-3.439698106587167814e+01
-1.590765038797610771e+02
8.305937458543315444e+00
-4.122722639202073935e+00
1.037829805792694593e+01
1.243623034348626177e+01
-2.497286787411541198e+00
-6.474725931743174900e-01
9.291399968346619076e+00
-4.942646773315190423e+00
7.250686749111355134e+00
-1.699916699155418200e+02
-2.273067300944602209e+01
-8.217036721675928135e+00
5.103992166351571491e+00
-7.143516986010615133e-01
-1.408574555112123683e+01
1.026170123786113608e+00
-5.015033175893893080e+00
-1.885500865112405000e+00
4.327682899309706621e-01
1.451991517195467054e+02
-6.783125068220897447e+01
5.181901857089713559e+01
1.114101766446040216e+02
9.314087830172685045e+00
-4.279729354183156431e+01
2.739521670822470512e+01
-1.603385617247394812e+00
2.113843194011819193e+01
-3.439698106587167814e+01
-4.348835906758929326e+01
-7.761186014590464310e+01
7.007824341012424441e+01
-2.131001087499781832e+01
-9.324239428005876462e+00
-3.210473115671998112e+00
-7.570930515543016881e+00
1.465706228434274472e+01
2.716371931106550619e+01
1.149582477480231724e+01
-1.870429788243816915e+02
-4.352717969504853812e+01
-3.378853560412980528e+01
9.421032191113200227e+00
7.695946235249758516e+00
-4.401388800345831243e+00
2.310253611444392163e+01
9.443951855481515167e+00
-1.981636745950276834e+00
-6.071486884921322158e+00
1.621924300944494064e+02
-9.229091557882877339e+01
8.202858578219453634e+00
6.432054360369353674e+01
-1.298558062741204111e+01
-2.353016687929922668e+01
-1.594512308167850634e+01
7.294317047968076118e+00
1.104071169736972724e+00
-4.383396794101746252e+01
-1.328606730151110185e+02
-2.337728046854157427e+01
-1.092141969800061219e+01
-1.770370824775552876e+01
-1.925099913499370485e+00
-2.525459128586841739e+00
1.577267623895415660e+01
-1.630470556236871715e+01
1.338614470017734348e+01
-6.599274629318527374e+00
-2.633552995222107640e+01
-7.243929578563627558e+01
-4.621419302575259458e+00
7.065098559580192727e+01
9.259269851742491397e+00
1.851938664228168108e+01
-1.191534566087386793e+01
-1.344616016272960124e+01
2.208292673915740068e+01
6.224082050813893119e+01
8.771642080715243139e+01
-1.359690134241981809e+02
4.444567076459440358e+01
-1.124488606336430863e+01
-6.147718139819961891e+01
3.558932102347421988e+01
-3.202622238716783443e+01
-1.540439814829677978e+01
2.159251135836942892e-01
3.656528572429933632e+01
9.455620935192143861e+01
-9.646233782244215149e+01
1.145110702098126723e+02
4.339081750825791062e+01
-9.381520008545614076e-01
-5.109763550969782742e+00
2.800661992259770727e+01
-2.518858793928627193e+01
-1.203055689307937293e+01
1.177351730136382990e+01
-9.311104826444271509e+01
6.565575245761523604e+01
9.507030567925788489e+00
-1.386304438486787127e+01
3.029513394957998784e+01
-2.665579411660519327e+01
-2.383861987269023786e+01
4.862403975788054389e+00
-3.816352258874862624e+00
3.005788065302639467e+01
8.771642080715243139e+01
-1.359690134241981809e+02
4.444567076459440358e+01
-1.124488606336430863e+01
-6.147718139819961891e+01
3.558932102347421988e+01
-3.202622238716783443e+01
-1.540439814829677978e+01
2.159251135836942892e-01
3.656528572429933632e+01
-7.915070229808277702e+01
-2.248100165705083242e+01
1.941709676444209220e+00
1.754417659267802776e+01
1.241605675356717953e+01
4.499462036093482276e+00
9.330608837634063235e+00
1.050310924521473233e+01
8.563078049174639717e-02
1.952769591832271345e+01
-6.039110932942703869e+01
3.959734281836526648e-01
-3.780307424314280951e+01
5.377796050034255870e+01
-3.140066163979829383e+01
4.228148127812590218e+01
3.647330949660687338e+01
2.146054857045391273e+01
1.040000285194021501e+01
4.032763572336504510e+00
6.713363700639496301e+01
5.197069047578862211e+01
-2.997626777718967261e+01
-3.154652659488264632e+01
-1.146764166268857821e+02
9.171770559256906097e+01
1.183265367003747315e+01
1.497513251892061703e+01
3.824451884151545045e+01
-3.720434079186390619e+01
1.354872601011925894e+02
-8.545330850721124705e+01
-9.407189187866624991e+01
-4.775936769642096635e+01
4.170613075067845443e+01
-1.084819579927194466e+00
-1.919935383190003009e+00
2.302223930069920854e+01
1.927087520061368409e+01
-7.083178558167520400e+00
-1.770206240867978806e+02
-4.171628356677712901e+01
-2.067346423098051744e+01
-2.121412797097773151e+01
-1.181436574903950998e+01
-9.188600418798246849e+00
2.810410745713254954e+01
-1.784324288400297576e+01
1.969182637212330889e+01
-7.604015225705265557e+00
-4.348835906758929326e+01
-7.761186014590464310e+01
7.007824341012424441e+01
-2.131001087499781832e+01
-9.324239428005876462e+00
-3.210473115671998112e+00
-7.570930515543016881e+00
1.465706228434274472e+01
2.716371931106550619e+01
1.149582477480231724e+01
7.414115940933645454e+00
-3.703641700815509097e+01
3.546543312340520515e+01
4.939458118785835694e+01
2.228542760805277823e+01
9.446701712981548837e+01
-3.521621486597166495e+01
-2.066238079573539110e+01
-2.409220758760902115e+01
-7.362191094647211109e+00
-2.066244043242835460e+02
-4.263928401821533498e+01
-6.712847948693221767e+00
-1.488559049790134914e+01
-1.214104992074805089e+01
-1.250618642161396465e+01
2.698167470419118530e+00
-2.072787401464917689e+00
-1.262810786912034544e+01
1.289718697041425610e+00
-1.733659451735766197e+02
1.606748704666130578e+01
1.088725707137434462e+01
-1.561578772222224920e+01
1.800982591302130231e+01
-3.673647514276143511e+01
2.267455409775729436e+01
-2.516187120040381231e+01
-1.536958542757503210e+00
1.777620419275481467e+01
1.725757401506749886e+02
-7.347260514522275798e+01
5.189482861512005485e+01
3.495776840574651345e+01
1.605154301139554462e+01
-3.714299401183368587e+01
9.651310013868780402e+00
-1.583238623322805161e+01
-3.200691288800063372e+00
2.682172869947293137e+01
-2.856183429994541711e+01
-7.152806721802811296e+01
4.154022288799595231e+01
4.630128466088879691e+01
-2.272577317872053726e+01
1.290920729390600208e+01
-1.758362889803247242e+01
-2.095506913278893180e+01
5.187860626337480463e-01
2.657482627743315362e+01
-4.346882183502911801e+01
-3.896497962766848389e+01
-1.401657724426094909e+01
-2.810567255112183460e+01
-6.478027238704826551e+00
3.764519111007749785e+01
-1.103662504886451856e+01
6.864271708814288608e+00
2.950395641606008468e+01
-1.100374752292702096e+00
-1.660239898026668754e+02
-2.284722685268791764e+01
-3.904975622760272103e+00
-3.407423487675184326e+00
-9.598647265383547733e+00
-3.039875946177829746e+00
-2.940260252719041123e+00
-9.960563160340647926e+00
-4.090652841900255687e+00
6.355190170841772401e-01
-5.915078147193358404e+01
-1.396162509426534655e+02
1.390391664254914339e+01
3.495351970714062873e+01
4.908107154514659243e+01
5.971721837246123954e+01
2.338368834242445793e+00
-9.062802337788026463e+00
-2.787192967918224085e+01
2.373404409939029591e+01
2.161549864377801455e+01
-4.244790383462236605e+01
-3.452293608568015060e+01
-2.641164681047888863e+01
3.099520841730329934e+01
3.358414140611380105e+01
-3.185926598611370153e+01
1.739694674531665086e+01
4.031919985128894979e+01
-3.362642089337889217e+01
-1.029388957202891532e+02
-5.178181094255968020e+01
-8.572333082402902704e+00
-1.323203616289746343e+01
1.406820424707884776e+01
-2.757785553521903132e+00
-8.819556939407075191e+00
-1.806151030291133353e+01
-9.410995553346815257e+00
-4.189663359988939106e+01
-1.662828890078399695e+02
-6.480744211656401799e-01
3.523965625903190124e-02
-4.943906246408591443e+01
-6.048331616573170777e+01
2.437915049608646800e+00
1.303486940853860254e+01
-3.869652114630003581e+00
-1.483362453725461627e+01
-2.361982405833681398e+01
-1.178047617688261397e+02
-2.106098910877065933e+01
-4.141020765058378572e+00
-2.479343687418718467e+00
9.888489657088690876e+00
1.371228506618895171e+00
7.688776723242394695e+00
3.292002025591709735e+00
2.227678522097674918e+00
-1.416143913918918029e+00
-1.596029115938719372e+02
-2.039688896411168528e+01
2.178685870766170485e+00
-5.149806585140070503e+00
4.760325072527543000e+00
3.403275063969287473e+00
-4.353792567296876470e+00
-4.009308111614844350e+00
-5.538705643670456702e+00
-1.016344215690566699e+01
-9.779969284796069928e+01
1.447254784216758239e+01
1.724105138148813410e+01
2.257508438628066827e+01
3.338437801435389929e+01
-2.289484291460054521e+01
7.117394001818137639e+00
1.325204864882593370e+01
-9.784815942998195126e+00
-2.381208621587101959e+01
7.226445037412707961e+01
-1.114135836055906736e+02
5.678759989589981672e+01
-3.299930974824689223e+00
-1.674769620617697541e+01
2.051941149962186017e+01
-4.831838867999915266e+01
-3.991451714877688772e+01
-7.229064692537995995e+01
1.897008829236569838e+01
1.154579566371761956e+02
-1.209592196312084980e+02
-1.477382280767579559e+01
-2.600302604751683067e+00
5.961982325242813019e+00
1.743909274606115112e+00
-1.642249728503970374e+01
-1.601235153162332736e+01
-2.647842435706162068e+00
1.431705150677630822e+00
-1.572998442348099672e+02
3.980776501354156949e+00
-4.829563394980951330e+00
-1.090119906922613513e+00
-8.367699866658146135e+00
-8.949821289178776951e+00
1.304779728111127923e+01
1.447069839940390068e+01
1.242961148133547589e+01
-3.016774314456570849e+01
-7.258782569854832900e+01
-2.906580385449008208e+00
2.401964975337467223e+01
-4.935741905631221726e+01
2.120036689799611551e+01
9.806676721966502974e-01
-6.247717359469514342e+00
-3.247464313125781388e+01
1.633654047651872787e+01
1.508867402801668867e+00
-9.827855840216446381e+01
-2.937456232121741806e+01
1.572798076718906124e+01
-9.852965525053905438e+00
3.528285432994244797e+00
-4.005448835267785057e+01
-4.780612612397566075e+00
-1.111519195504162560e+01
-6.455102218607541076e+00
5.688248084072776933e+00
-1.828039199230341580e+02
-1.413506610955375109e+01
-2.022386017031189454e+01
-1.691478057746784103e+01
7.942635640310304446e+00
-1.017238899733418300e+01
2.803804655018137471e+00
-6.018918728205544078e+00
7.040133344216792821e+00
-8.418037526846966045e+00
-1.892686321933428530e+02
-3.501898788550229291e+00
-5.024088013265126662e+00
-1.071826091661895042e+01
1.863644869976923601e+01
-1.410118660100459564e+01
3.828929805419475051e-03
-7.065739298793319634e+00
1.355182400411311106e+00
1.779261199441777563e+01
2.045395367957573001e+02
-1.611916548342290056e+01
1.001433144605914976e+02
3.051272970296955833e+01
-3.538335045880695162e+01
-2.621649718987439570e+01
5.277771347306614302e+01
-9.857915164090778504e+00
-3.505574548600174012e+01
-2.678874020005696366e+01
1.161549124963157027e+02
-1.089938348670495287e+02
2.101870683576811416e+01
4.005917993055255977e+01
1.617095658602320896e+01
1.868189145412927488e+01
-8.496227652540987663e+00
-3.754809310471604533e+01
-4.674174012470056994e+01
-1.334774121617283527e+01
-1.783443766632327367e+02
-4.088566651320486045e+01
1.103289715740632460e+01
-1.395037913862702617e+01
-8.118102611182626660e+00
-2.129833903465866030e+01
7.220474952992435469e+00
-9.830380616740082900e+00
-5.954584780832492541e+00
5.568744843062211736e+00
1.123856616886820774e+02
-3.684083477125020778e+01
1.212590464978815135e+02
3.691186898150674267e+01
1.721879989869317740e+01
-2.303595826685494430e+01
2.434925240991560358e+01
-4.038104310422657761e+01
-4.028263980563226099e+00
-1.285950889464416669e+01
-1.360541100047433645e+02
-4.741732603873521690e+00
-1.161321517087744404e+01
7.699634540870748722e+00
6.780385717309068028e+00
-1.023545789969806741e+01
3.838429321007476602e+01
-4.360648273897323790e+00
-1.813143351458617758e+01
1.434928474004385102e+01
-1.032419569600133400e+02
5.815847147747175683e+01
-3.545816947220514237e+01
1.489313084684050459e+01
6.023646523461994029e+00
1.072054621805232921e+00
4.247432034003691292e+00
-6.845144744353564015e+00
3.161117430860593558e+01
4.704263452089524122e+00
1.143360095196685791e+02
-5.791109268252032649e+00
-3.754702328003335765e+01
-4.546347052734622451e+01
5.145701738142737014e+01
-4.197716272210501032e+00
-1.596338769052029427e+01
-1.669487843935823790e+01
7.593927535954799524e+00
-1.499749073775681896e-01
-7.912627476445690888e+01
1.138369953883559305e+02
-8.557805074717466098e+00
-1.567849481748254092e+01
3.611022541725272816e+01
-4.016444261748196709e+01
2.964073141604367745e+00
1.545362245587722327e+01
1.577016974710131691e+00
-9.195070042949470945e+00
-6.784057566234881165e+01
4.284474261916563620e+01
-7.528529738111575220e+00
-3.316309762612148937e+00
-4.693003383924061467e+00
1.635976432606141984e+01
1.297431799354908755e+01
2.238264141798416418e+01
1.587006625092530765e+00
1.052068572902049404e+01
1.038977579146833676e+02
-2.788541905676457233e+01
-1.486372397906833243e+01
1.668734737655895017e+01
2.376736419854318427e+01
6.881957927559766119e+01
2.891242950558182034e+00
3.518226946353708229e+01
-5.616218577637365428e+00
1.781704068688207965e+00
2.478199117201838320e+01
5.408904411689524494e+01
-3.783338088983493885e-01
8.560841934434414213e+00
3.364550866864824741e+00
-1.301037608545485336e+00
-2.644673788451780183e+01
-1.227551779936364440e-01
-1.437480312566625074e+01
-1.004512628835436061e+01
5.396193836883754358e+01
1.111564733256165454e+02
-2.259690680134755425e+01
6.865642204090903533e+01
-1.355849274698473117e+01
-1.593632920502333183e+00
-5.137710911812453318e+00
2.624108527427756243e+01
1.357001372100740255e+01
1.259767847274946462e+01
-6.096704440788759172e+01
7.274954436001317504e+01
-1.565030879456052348e+00
2.411820632494766858e+00
-1.779426754643981212e+01
-4.739390599732478115e+00
5.708207223983831069e-01
-3.960139039377549963e+00
7.485145398561401819e+00
-1.075388907965232299e+01
1.993310640434561378e+02
3.079774307532371225e+01
-1.084630783634140840e+02
-2.314516755198943798e+01
-5.143609614309467837e+00
7.613737688195386433e+00
-6.037093392912841416e+00
-9.309899393237621723e+00
-2.439367984129479083e+01
2.679346990370336634e+00
3.698119975967602358e+01
-6.648470799967016376e+01
9.381352416745147860e-01
-6.969305238489554633e+00
7.484749761324185613e+01
7.629751590085115254e+01
-2.152252397232561520e+01
1.554177032640824763e+01
3.496933419112770025e+01
5.279807383693148282e+00
-9.215688213885240998e+01
-5.891279722513075079e+00
-7.627977882601337800e-01
2.176635324813425143e+01
2.211083174544282048e+00
-6.486850857810213533e+00
3.525591336772077700e+00
-4.113928162473104777e+00
-2.439370785894750426e+00
-7.441572024345206593e+00
-4.985845914602724349e+01
4.298013474452305616e+01
-3.134837426531706228e+01
3.309584597913625004e+01
-1.294031830591703702e+01
3.492740651310248268e+01
1.809884522822756248e+00
-1.683146404769993509e+01
8.211261717487351675e+00
-1.410507607253777351e+01
-1.345521989253092272e+02
2.967818701370761048e+01
-1.425447699491314246e+01
2.100355080984166989e+01
-2.945496377822846767e+01
-2.677642779055090294e+00
-8.486225007643589890e+00
-1.198946305884299512e+01
-5.444087254113204821e+00
-1.582479615686988517e+01
1.673926274575842399e+02
-8.884290456873907260e+01
-2.886571217769541775e+01
1.765391328606511934e+01
1.859911642681522181e+01
1.784303242493971986e+00
-6.130899165018698582e+00
-7.065469852782421789e+00
1.632436412607749077e+01
1.173464188171638511e+01
1.019760001152758520e+02
-7.938502031922317315e+01
-5.083086529261611730e+01
-3.630972015477505721e+01
9.447735108357507272e+01
2.472896006818132619e+01
4.443014800558350075e+00
1.066705546141894523e+01
-1.551933519266377282e+01
-3.194228969047084021e+01
-2.374082426612433494e+01
3.730640222713223864e+01
-7.859762846202041686e+00
6.316209878666281696e+00
-3.065340055254713292e+01
9.688181933120714184e-01
2.738632501297670441e+00
2.458496547842507152e+00
2.480368970701901432e+00
-1.683275599770420072e+01
-4.107303270610985635e+01
1.103827300606102568e+01
-1.480423522855468654e+01
1.935604315952467624e+00
2.073797352516358217e+01
2.657092847008569692e+01
-1.397548248364461010e+01
1.557019740257313778e+01
7.563574379517000956e+00
8.828579839205485058e+00
-6.672052740647594682e+00
-2.309497357192454103e+01
-6.118982046175745637e+01
5.671421125384108564e+01
-3.559321684282382847e+01
1.019986521446466696e+02
6.575847912499003201e+01
-3.549716965933815516e+01
-3.269832706219070406e+00
-1.876053248482595848e+01
2.440990826437805197e+02
6.305044055949478121e+01
-1.155131416301586995e+02
3.811816559297022167e+01
-1.549677847854812285e+01
1.038666905078190261e+01
-3.522200500348738927e+01
-5.705612192858234266e+01
-1.779617058431465892e+01
7.883578122197165250e+00
9.250634948055926543e+01
-4.618477209474183809e+01
3.829420979473543696e+01
6.857967990559123983e-01
-4.262290103274898456e+01
6.715812856214603244e+01
2.712779152198834964e+01
-3.431565699964317417e+01
7.807153837091634330e+01
-1.770010112607529384e+00
2.209972149689740561e+01
7.178390288453390156e+01
8.553587019721973661e+00
4.387059311717640497e+01
8.102873110122594369e+00
1.227189627791988080e+01
-6.017915038588856191e+01
-4.172246699756095301e-01
1.850820188646936160e+01
-2.248732445424242954e+01
-6.499632410887707579e+01
-1.560443631838209555e+01
3.952933633302250366e-02
-1.813304491635908278e+01
3.003054336366479404e+01
6.251073762039024651e+00
-7.550306535600192603e+00
-1.278316206835187430e+01
1.070949981533035000e+01
3.198821372494363935e+00
-5.421625534510268807e+01
5.812224773989481719e+01
-1.784379823304699642e+01
-2.215939712505214843e+01
-4.837516028617110209e+01
-1.027182879779907587e+01
-1.206072778686833580e+01
-6.330551068133938308e+00
1.473494321814261809e+01
-1.014688166411188242e+01
2.387034440956505819e+02
6.437115113019574153e+01
-6.761993495040172775e+01
2.030941282106732260e+01
-1.648818786661279745e+01
2.471352592574751483e+01
-1.044214050515933323e+01
-2.670716293561849142e+00
-1.652829888749875187e-01
-1.477128244092559051e+01
-1.306464705168986598e+02
2.588172581648712622e+01
-1.857179618736572024e+01
2.144169315128623055e+01
6.726663462529627324e+00
8.304491531711523322e+00
-4.151146138320534362e+00
4.336313503270978309e+00
-1.190093139598557137e+01
-3.466568782200017740e+00
-8.435383331517714112e+01
8.597517353563640441e+00
3.698650815245851042e+00
3.878922910160207405e+00
-1.166155320028251019e+01
1.294568819022993544e+01
-1.382145441225068794e+01
1.196255896397254759e+01
5.553701382217075988e+00
-1.066560958432739881e+01
2.027432666780338977e+01
1.306929688758242207e+02
7.288541508440447458e+00
2.412566336134143796e+01
-3.603495773664851498e+01
-3.442269750856306842e+01
-1.326097949181891700e+01
5.327700481560339263e+00
-2.348985478060397813e+00
3.750182846956044536e+00
-6.678146723968578158e+01
2.283845076543210340e+01
7.795420298933640524e+00
1.456503313668230071e+01
-2.383368646852194672e+01
1.489918881231627967e+00
-1.383038142383678526e+01
1.539759339006584460e-01
-1.124815894303880626e+00
-1.276357510777511273e+01
-2.047034734308641291e+01
3.428743990105640194e+01
6.939371401042764376e+01
-4.901281979566000757e+01
-2.489743642944670654e+01
1.587185108370676900e+01
2.390969451741399965e+01
-1.811164684250215373e+01
9.951977940447077842e+00
6.168462054790909477e+00
1.906389830639816907e+01
3.371757696502240975e+01
-7.499185775455791791e+00
-4.142138663099614426e+00
-4.317393291455143611e+01
-2.399384473286696462e+01
-1.123128585424007042e+01
-6.524005696778108820e+00
6.936374451792311824e+00
4.119685625851915667e+00
2.209972149689740561e+01
7.178390288453390156e+01
8.553587019721973661e+00
4.387059311717640497e+01
8.102873110122594369e+00
1.227189627791988080e+01
-6.017915038588856191e+01
-4.172246699756095301e-01
1.850820188646936160e+01
-2.248732445424242954e+01
-5.421625534510268807e+01
5.812224773989481719e+01
-1.784379823304699642e+01
-2.215939712505214843e+01
-4.837516028617110209e+01
-1.027182879779907587e+01
-1.206072778686833580e+01
-6.330551068133938308e+00
1.473494321814261809e+01
-1.014688166411188242e+01
-1.010059083866958076e+02
2.671279099912578303e+01
-7.702941022658783332e+00
-2.262229977967600725e+00
1.016492613148027147e+01
-1.134217616432195186e+01
-1.787936292260638771e+00
-2.019104009736240712e+01
-3.906981266496518668e-01
3.713636850311122117e+01
-4.628826236254015214e+01
-3.916972223570935085e+01
-2.754611481785642724e+01
3.933339055266680262e+00
6.914310811649802702e+01
2.483833199809005166e+01
2.518830677374662486e+00
5.272522947566379514e+00
-3.423211899919050172e+00
-3.711856835431540436e+00
1.876560068657809097e+02
-2.339851316200740428e+01
-4.531715483074515305e+01
-1.449172398552570940e+01
1.230530100243870528e+01
1.392926205722904776e+01
-1.211405153243885913e+01
9.230543503958953622e+00
-5.237856883566678334e+00
-8.918496625656720411e+00
-4.744420635959333765e+01
3.512829947804949882e+01
-2.047367464317115804e+01
3.079794215812563074e+00
3.477629619323020088e-02
8.001020033457157510e+00
-2.661578431246778731e+00
-1.034777855628377097e+01
2.527837424606207506e+01
3.915302187990932481e+01
2.760206759752864158e+01
6.519474076272241803e+01
-9.317004811136408549e+00
-9.446062297891769433e+00
-2.792600967859592132e+01
-9.635066999883548533e+00
-3.421188265948267571e+01
1.328035651837823927e+01
3.337898373554699560e+01
7.642160313135093475e+00
-6.597831976352738081e+01
4.981888446175101137e+01
-1.687533034507879748e+01
1.663966063827774633e+01
2.268903164712393306e+01
4.998786783277147983e+00
-1.560630610111285144e+01
1.290929482949733043e+01
6.799838270308802279e+00
-1.216520132833432299e+01
2.285278315942408369e+02
2.243561041226881514e+01
-1.473643613609965719e+01
4.031701495021396653e+01
-3.858789890497698138e+01
-2.279651965202822339e+01
-3.349983563422835431e+01
3.973234595247041767e+01
-2.302438831831418398e+01
-2.171867966624797575e+01
1.550992359510351832e+02
-8.425853967248296783e+01
-4.749148219920833469e+01
2.900586616826936748e+01
4.520831172369206996e+01
2.780852574155677104e+00
-5.246579983921598256e+01
1.708352223763566613e+01
-3.049957405960167378e+01
-2.432215807351174774e+01
-9.541639766987849214e+01
3.172799457253645983e+01
-1.262731482510092995e+01
7.927980174488332032e+00
-1.884289840104320746e+01
1.515254466582889314e+01
-2.684867942542310359e+01
7.914512423368528005e+00
7.947590958729681354e+00
-1.698354740437773103e+01
1.282670046763368248e+02
-7.218380063221596288e+01
-4.856966927242473986e+01
-1.392621168340363980e+01
4.785791987144409632e+01
2.700674930571511823e+01
-1.971844164616472739e+01
9.276392186601174927e+00
1.644395881138678561e+01
-2.933541553875008390e+01
1.378425827159585992e+01
7.369911297793747451e+01
1.916197700787466118e+01
4.545744713234061862e+01
8.307493502705169064e+00
8.797183557853299973e+00
6.306795938485421971e+00
-1.139302958938567834e+01
1.646525356377765448e+01
-1.029125206348155430e+01
2.909069620129699274e+01
5.260648748724246815e+01
-2.651208687081664461e+00
2.062544896540588724e+01
-2.600090263777060873e+00
1.313876827563997907e+01
-1.924902824352325936e+01
-1.232556580912794431e+01
2.327994779175471862e+01
3.463184019762638677e+00
-9.217990908457878163e+01
8.697536218874954272e+01
3.450949271577987076e+01
1.843746437237154367e+01
-1.125379118335587414e+01
-1.114992775037593020e+01
-4.448263450335110747e+01
1.961259406379330272e+01
9.733954121588551445e+00
-2.951372166367213890e+00
-3.814817687355967735e+01
6.487636078139976803e+01
3.513193027656369338e+01
-2.398142393788545945e+01
-1.915709017164261840e-01
-4.566592139003004647e+00
-3.109317693889657974e+01
-1.865309502503196271e+01
-1.831495008675352754e+00
-7.154231691873795818e+00
-3.076365960449885151e+01
6.639938931092505925e+01
2.552416435898154390e+01
2.922437630410963294e+01
5.960785567302684385e+00
5.348599093372327218e+01
8.048752656335141253e+00
3.520403251904077280e+01
-8.794075295165669104e+00
-1.637306705024503017e+01
-1.059190221799764942e+02
-1.891050035815289965e+00
-8.154920910703554071e+00
1.086195143672276053e+01
1.870115206649245820e+01
-3.436243086241792977e+00
-3.677648845725105531e+01
2.010108674771753812e+01
-2.332114063039522378e+01
1.254147853966878046e+01
1.356306053260541233e+01
3.474724597830698514e+01
-4.919191070662473209e+01
4.240131451172831589e+01
-2.998874789403689078e+01
-1.150261982253051096e+00
5.972087313636804140e+01
1.006713298840961244e+02
2.530093265641982825e+01
3.730480338301138232e+00
-7.128450042609206605e+01
5.148600175624013175e+00
1.363761961597647954e+00
2.356771722145560943e+01
-2.533872635739719215e+00
1.635366085896162858e+01
-6.916462726463996624e+00
6.381087514772231906e+00
-4.844777924331713059e+00
-1.274270829104449732e+01
-1.346864429966904027e+02
-5.026229333461223092e+01
-1.790390194657621592e+01
-2.317712931218504480e+01
-2.186667893109509819e+01
7.073600288883257647e+00
1.600243611743705996e+00
4.264658666938347054e+00
1.421625586239200167e+01
2.595365064924588516e+00
-9.215688213885240998e+01
-5.891279722513075079e+00
-7.627977882601337800e-01
2.176635324813425143e+01
2.211083174544282048e+00
-6.486850857810213533e+00
3.525591336772077700e+00
-4.113928162473104777e+00
-2.439370785894750426e+00
-7.441572024345206593e+00
1.627631717849579900e+02
-1.945627175736970216e+01
3.976082147673796641e+01
4.421232375753197630e+01
8.084231776777230039e+00
2.850242295945673465e+00
2.086566660305430787e+01
-3.577220258045558410e+01
9.919724318088871229e+00
3.384559302089549959e+01
-4.942538947578506026e+01
5.423870058507119296e+01
-2.297323298761891763e+01
2.193810186293212539e+01
2.763903942058616447e+00
6.050177445359329553e+00
-6.603943406630701674e+00
5.803329139456642416e+00
1.819236051640723772e+01
2.091839798549554175e+01
-2.210067012829345146e+01
8.590835537768297669e+00
7.340107692979280785e+01
-1.976898957772932519e+01
-1.744464089679629382e+01
-2.265519735439923021e+00
-5.669898348459095416e+01
-1.320108495275174576e+01
1.032558690332085760e+01
-3.493375139743720581e+01
-6.597831976352738081e+01
4.981888446175101137e+01
-1.687533034507879748e+01
1.663966063827774633e+01
2.268903164712393306e+01
4.998786783277147983e+00
-1.560630610111285144e+01
1.290929482949733043e+01
6.799838270308802279e+00
-1.216520132833432299e+01
-4.744420635959333765e+01
3.512829947804949882e+01
-2.047367464317115804e+01
3.079794215812563074e+00
3.477629619323020088e-02
8.001020033457157510e+00
-2.661578431246778731e+00
-1.034777855628377097e+01
2.527837424606207506e+01
3.915302187990932481e+01
2.909069620129699274e+01
5.260648748724246815e+01
-2.651208687081664461e+00
2.062544896540588724e+01
-2.600090263777060873e+00
1.313876827563997907e+01
-1.924902824352325936e+01
-1.232556580912794431e+01
2.327994779175471862e+01
3.463184019762638677e+00
-3.078936402018490170e+01
3.917724233504427644e+01
-4.152764892074106484e+00
5.649291948220499293e+00
-1.249966327390594145e+01
2.267974837450831060e+01
-2.916721463374271650e+01
-4.581309095602026815e+00
4.381736977871512728e+00
-1.894625510883726704e+01
-9.541639766987849214e+01
3.172799457253645983e+01
-1.262731482510092995e+01
7.927980174488332032e+00
-1.884289840104320746e+01
1.515254466582889314e+01
-2.684867942542310359e+01
7.914512423368528005e+00
7.947590958729681354e+00
-1.698354740437773103e+01
-5.209274465675465393e+01
8.807530988624057500e+01
-2.112409770810372933e+01
1.200390332521646641e+01
-5.909385100422606563e+00
-1.814889736502869155e+01
2.539208001615422816e+01
5.305550414136579462e-01
5.452700783887418190e+00
1.348478605167094280e+00
-1.059190221799764942e+02
-1.891050035815293962e+00
-8.154920910703566506e+00
1.086195143672275698e+01
1.870115206649245820e+01
-3.436243086241792977e+00
-3.677648845725105531e+01
2.010108674771753812e+01
-2.332114063039522378e+01
1.254147853966878046e+01
-2.257761001669972600e+01
6.464832713264968334e+00
-2.121707858839620897e+01
-8.774960360634301537e+01
-3.747688128605475555e+01
1.112241422678979497e+01
1.434505402755998027e+00
-3.803483597491366908e+01
9.417833311557275877e+00
-1.598707254339807315e+00
-4.573404065663466866e+01
8.255401999592967854e+01
2.627197994223441313e+01
3.518480901376305070e+01
1.913148997389843942e+01
4.096061081232961953e+01
2.589097160521198315e+00
3.658761280532971227e+01
-2.502135388328592391e+00
-2.796461741066520190e+01
-9.217990908457878163e+01
8.697536218874954272e+01
3.450949271577987076e+01
1.843746437237154367e+01
-1.125379118335587414e+01
-1.114992775037593020e+01
-4.448263450335110747e+01
1.961259406379330272e+01
9.733954121588551445e+00
-2.951372166367213890e+00
-1.016744518637870840e+02
8.379668058145581711e+01
-2.583020934609198349e+01
8.919823624012403585e+00
-5.682614606713571881e+00
5.191752982335734146e+01
6.010759900420298862e+01
3.198614553375645286e+01
-9.427566885273032327e+00
3.601967155306273316e+00
1.455508944231083923e+01
1.017648968139050538e+02
4.279813479119410147e+01
-2.937327406894724824e+00
3.893726361492441157e+01
-1.153163118936011777e+01
-3.667829900119328812e+01
3.073562256277089677e+00
-2.746123648337704637e+01
1.638140983560738206e+01
-2.379023317159026618e+01
1.858785184604886354e+01
-1.980864250348610156e+01
2.961501972925287873e+01
-2.814584501626399771e+01
-1.211927452752328627e+01
9.953613411835107172e+00
-8.009368056418656678e+00
-1.825485749549220671e+01
2.400869844787230534e+00
9.046275132782902517e+01
-7.507339052280363489e+01
3.116908313207023884e+00
2.844201870761581930e+01
6.609210642233635724e+01
3.434834869960769055e+01
-4.357010216781192469e+01
-7.207534310702013336e+00
-3.717487997740860095e+01
-1.353127259981690500e+01
-1.345447346922649601e+01
6.549944966919797196e+01
-1.089234802166836102e+00
5.037301434865548266e+00
-9.326917224377799798e+00
8.650702208082593714e+00
-1.038073781948068941e+01
4.070162336563877048e+00
-3.819531048745544721e-01
-3.221507919556492183e+00
-5.620191414317466894e+01
7.512493120082869069e+00
-6.397889851760563573e+00
-8.706425374471105982e+00
-2.690588190464874785e+01
9.730954420098996138e+00
2.667168832111591570e+01
-2.789372809243940310e+01
9.994107292608731541e+00
-1.218732207442178783e+01
6.030281922068768807e+01
-6.733857816847020672e+01
7.810679530782010715e+00
3.032479094740124381e+01
9.608771842037775457e+01
6.333377962646288495e+01
1.675504067085128002e+00
1.429502004010412719e+01
-1.136838509754727866e+01
-2.012818403854249638e+01
-3.292893087256726403e+01
6.901524505833707224e+01
1.195271824098527880e+01
2.010853692496258915e+01
-1.467351661842383415e+01
1.429211250855411741e+01
-2.841961598081282503e+01
-1.022331339307223530e+01
1.168434932073629895e+01
-1.325296082550699950e+01
3.552153741134483056e+01
7.537354940968783978e+01
6.379835170695851154e+00
3.236413121318787489e+01
-1.429517130094657773e+01
-1.846781382777923852e+01
-1.334479246522774076e+01
1.005326919449193568e+01
-1.106033902517848233e+01
-2.286461768644836567e+01
2.586040379568621574e+02
1.493127575955064756e+01
-5.597335275173926306e+01
1.630999813957948064e+01
-3.907586099157617099e+01
-5.509296281695233688e+01
7.295479972820293035e+00
-2.848676308042474403e+01
-3.746846272917249809e+00
6.943055273367531477e+00
-1.658845660457197946e+00
9.532717053135515073e+01
-3.531480613682814607e+01
1.089046363368109525e+02
2.185377879327271344e+00
5.426086877662532615e+00
2.724917554482677318e+01
-1.521355223204979978e+01
-2.067839753165542049e+01
1.313858512950648105e+01
-2.574860936095354802e+01
-1.460003395936643855e+01
9.304722988355409896e+00
2.512495487462749821e+01
3.807686942525661067e+01
2.423687442432997941e+01
-7.718029958676578417e+01
-1.618624154882815347e+01
2.867405422586633534e+01
-8.269128423067679812e-01
-5.783503283441111620e+01
5.443389517491369389e+01
1.815000709925022804e+01
-1.664049254935252620e+01
1.275153055409682956e+01
7.954535755101253436e+00
-4.639581411291313628e+01
-1.262595953166846208e+01
-2.782287602014475780e+00
4.271967462334414734e+01
-4.807696477207866081e+01
8.565415368987389400e+01
-2.740486096904567503e+01
-9.803512492310611393e+00
5.209231810281013964e+01
1.893790364216110333e+01
-4.225138522116470341e+01
1.248209463290320453e+00
1.238235257987389953e-01
3.214537573102669299e+00
-4.302194594195194810e+01
7.697895345088691954e+01
6.228336991955782942e+00
-1.295035712953210805e+01
4.260715503482756361e+01
-8.197191524146647623e+01
-2.281933749196257466e+01
-2.659529376311234472e+01
-9.090924651387009447e+00
2.161136489802997573e+01
3.092962848730166669e+01
-4.109684271915860165e+01
2.209619419239272986e+01
-3.258123407774617419e+01
1.829716331320118883e+01
-3.452745341302586723e+01
-3.830794580090587687e+01
2.008997746122618366e+01
-2.283333742463777938e+01
-2.393512336173895960e+01
-8.267508772990444754e+01
2.835012088232106464e+01
-1.656448563538803986e+00
1.261319604978687003e+01
-4.610696892621888310e+00
-2.756719973675878510e+00
-2.176420380647202002e+00
7.962881985848992095e+00
7.699860888730302833e+00
-9.564196158546478088e+00
2.558079747043689451e+02
1.022936255652709647e+01
-5.447121033635313836e+01
1.201123979611893944e+01
-3.780704900517590517e+01
-5.086120543533594685e+01
9.523643703470405342e+00
-2.475957940029833537e+01
-1.752488793734946038e+00
6.309962132362008091e+00
-8.733840532615997176e+01
4.917049769154407102e+01
4.148730762194196586e+01
3.007034722249077419e+01
1.424976668174222283e+01
2.428556167428433099e+01
2.794936214554783049e+01
5.382318846364956499e+01
3.280507681974683454e+00
7.524770560878220493e+00
-6.924458018027176820e+01
3.888473801902607363e+01
3.813358767339131816e+01
1.165001087156488779e+01
1.799685013967179259e+01
-3.126362663649840279e+00
1.843331072808318893e+01
9.472171972398117035e+00
1.288094811422440600e+01
-2.295128065910574833e+01
-2.002250199985801515e+01
7.127832475605904961e+01
4.205751762630449520e+01
-2.529667696586493975e+01
-2.303854516368474847e+01
1.465842885783637328e+01
-5.321191130867958208e+01
-1.495587565772466299e+01
1.564757382352561166e+01
-2.301155762380287584e+01
-1.684922825001510205e+02
-3.704086213916889392e+01
-9.224836357739571113e+00
2.744589090741573756e+01
-1.404412318575753282e+01
-2.181619176244654845e+00
-5.500887436732554647e+00
-4.854837340857549144e+00
-7.451388420283011627e+00
1.977336463318115911e-01
-5.108980813997874293e+01
2.240592067214384642e+01
-1.985105161186764988e+01
1.143346665950057250e+01
3.287128632682470197e+01
-2.853614377433764915e+01
-2.416252200305015663e+01
9.569981956393741385e+00
-4.293807398779142659e+01
2.804230761655587489e+00
1.130238607094709664e+02
7.005686884007103288e+01
-1.036452853241303416e+02
-4.542038761456676355e+01
5.091170128870427192e+01
-1.472521708438740617e+01
-1.226670343079845438e+01
9.447459409721787882e-01
-1.884853382796936927e+01
2.065118144785957455e+01
-3.076374608638985109e+01
-1.776743670362155925e+01
-2.772976308364309972e+01
4.732837044095942858e+00
-3.770001894909439244e+01
7.727848227578855145e+00
-3.294087871629303521e+01
2.456361763326566816e+01
-3.354612220285419255e+01
2.488342538548819594e+00
1.778527747160764960e+01
-2.566446773047101892e+00
-2.942973200074714768e+01
5.904041839946869885e+01
5.504405720726705908e+01
-3.298939417350904080e+01
7.781180600002531378e+01
4.998697473992343276e+01
-3.914546812937955877e+01
7.511248908686516401e+00
-1.030132634290208671e+02
-4.321428029650387970e+01
-7.613429985661114507e+00
1.923614074746738467e+01
3.970630654706612805e+00
1.813215722207514702e+01
-1.121659817193422981e+01
2.014379145030584795e+01
3.945425180796151565e+00
2.765818248330727513e+01
8.565037951526883830e+01
-2.546885877270879917e+01
-9.479038015804152906e+01
2.655571199423550866e+01
-2.324003896084573029e+01
3.196785714229214292e+01
3.405854280135456236e+01
3.874883243649450293e+01
-3.518702525276503845e+00
3.552499990801420982e+00
-1.681166771182275710e+01
-1.008493804086478995e+01
-1.834167747875880394e+01
5.334850302648911935e+01
1.245882631886528991e+01
-4.991078724297145719e+00
2.218521048159599829e+01
2.762745509710743619e+01
-1.997479874154197432e+01
3.331249714841161946e+00
2.289974210649672770e+01
8.752067838246428266e+01
-4.033403090420921444e+01
-1.705773270707328537e+00
2.728253355150412673e+01
-2.176288826625202333e+01
9.478062338832327072e+00
3.327247545545540675e+01
-2.472678760406111209e+01
6.612452187263951231e+00
2.550240964065168043e+02
6.144928644695275466e+01
-5.165645603979557166e+01
3.264250775313303166e+01
2.024769407708574676e+01
-2.897208821827845071e+01
7.720857833274270554e+00
-3.529034890960232218e+01
2.435493548650112672e+01
5.309353252288788738e+00
-1.049133459866637281e+02
1.274646869056431342e+02
3.413625509093657939e+01
-1.804703581648109889e+01
1.040763122087775514e+02
-4.019350189027792197e+01
2.482967909084177194e+01
4.182403802258042980e+00
2.275164675633332223e+01
4.603954909956190278e+01
9.365882015309702524e+01
3.058502666141536963e+01
-7.785733497542341297e+01
-1.150294978696328627e+02
1.978905943673064982e+01
1.914993843433641274e+01
-1.447398031559064657e+00
-2.100470347335186005e+01
-1.047719421270780238e+01
-7.232645765094649626e+00
7.384499645253625033e+01
8.817480417987555441e+00
-4.821303917827859387e+00
-4.585467118144845955e+01
1.348536678088181517e+01
-2.055511959033705871e+00
-1.299794857878170795e+01
-2.998786624153794733e+01
-4.288046398340039644e+00
3.057795437663093363e+00
-1.552082497945776041e+01
2.964958863031965208e+01
-4.005352447325203968e+01
1.501947184675936775e+01
4.965319417333792273e+01
-4.940972257885357877e+00
3.280543765053394623e+01
-2.137239187211897828e+01
-3.034763103994658806e+01
2.998878203127679143e+01
1.775462658850924527e+02
-5.029093790719613111e+01
1.504773956610028884e+00
-2.736215096343187625e+01
-2.511767675356904306e+01
-4.318210415099534849e+00
1.261336465202549206e+01
3.069843446165248224e+01
2.658841892850226074e+01
1.157636644981803720e+01
1.851744353396648535e+02
6.813870853861368460e+01
-1.012738015175372368e+02
-2.736964435323388400e+00
-3.197957942250515373e+01
4.418437327296766881e+01
-2.774848334704881481e+01
-4.871149841321498997e+01
-3.613765725177108123e+01
1.673926751205126706e+01
-4.222534084758697759e+01
-2.915847825201163701e+00
-2.434101736919652037e+00
1.437036832104093520e+01
1.469392727874900295e+01
1.647611203476501984e+01
2.681304699084797249e+01
2.201639006904698093e+01
-1.620767389311547291e+01
2.849926749940494375e+01
7.705282929999444264e+01
2.680754183038113680e+01
-5.008589391227158671e+01
4.673613767003999442e+00
2.333472208668043280e+01
7.021852651952004365e+00
2.564461291862687631e+01
9.176359681942737323e-01
-6.962354118162297212e+00
-1.038403561037589462e+00
1.605640338856463529e+02
-5.034706223238716660e+01
-5.112901043596144746e+01
3.530566295341719751e+01
1.818224972722333277e+01
1.765425167285895469e+01
-1.637491267011960572e+00
-1.281861600449168748e+00
-3.289598762226678019e+00
-2.059684492466050543e+01
2.621708501191795904e+01
5.901047221719901614e+01
-1.087452850477674637e+01
-4.998348640612582727e+01
7.229387427807934863e+00
6.601271686032850994e+01
4.171132507455034499e+01
-1.841640793587411551e+01
2.379492916574584171e+01
-1.134151959419377675e+01
2.024960285265306936e+01
3.345486910700308414e+01
-4.216780779891453079e+01
7.448819029160020477e+01
-2.243797339432013871e+01
4.472099190465118568e+01
4.811703408404446236e+01
3.310489271706724423e+01
2.366574134184179812e+01
3.397755877501001720e+01
1.712155263472021716e+02
1.417516650978333530e+02
-8.647339576476321099e+01
-3.711059718135638263e+01
6.639094280837277040e+00
3.367747195621269896e+01
-9.682657062795742675e+00
-2.644442286182449919e+01
-2.275225234281186459e+01
-5.361294853117726689e+00
-4.222534084758697759e+01
-2.915847825201163701e+00
-2.434101736919652037e+00
1.437036832104093520e+01
1.469392727874900295e+01
1.647611203476501984e+01
2.681304699084797249e+01
2.201639006904698093e+01
-1.620767389311547291e+01
2.849926749940494375e+01
2.621708501191795904e+01
5.901047221719901614e+01
-1.087452850477674637e+01
-4.998348640612582727e+01
7.229387427807934863e+00
6.601271686032850994e+01
4.171132507455034499e+01
-1.841640793587411551e+01
2.379492916574584171e+01
-1.134151959419377675e+01
-1.260485554227515905e+02
-9.942527505242601649e+00
-8.733209789887908414e+00
-1.671507968245056119e+01
3.107370436410749281e+00
-2.459281595757271432e+01
5.853282778845779077e+00
-6.268664081184620152e+00
1.567199310262926693e+00
1.331986079173248960e+01
-5.013211107703575209e+01
3.583711993398544848e+01
3.262927812680306960e+00
-3.996452410970827263e+00
-1.489802976372383547e+01
2.935555527169503298e-01
-1.008952859349008335e+01
5.462442041374647950e+00
2.211466109474695241e+00
-1.331067002578516423e+01
-1.638399695418568172e+02
-1.976317937916005363e+01
-1.103100211624630234e+01
2.794761108189198495e+01
2.426848442907052483e+00
-7.484924439665016749e+00
-1.154431008079288556e+00
-1.626963891688279062e+01
1.121224409264460853e+01
5.604687732892264407e+00
-9.349748297656751106e+01
-3.124423340215960909e+00
-1.946135486438463502e+01
-1.548601572924177638e+01
-2.185181177321644341e+01
8.344561792481211882e+00
2.249595860841377082e+00
2.255262908709523728e+00
-9.072528065978787026e+00
-4.726295450233065765e+01
-1.045668385902294233e+02
-4.094112231655228840e+01
5.594983323611391945e+00
1.558367400018729043e+01
-3.906157594504655162e+00
1.380399943164557719e+00
4.735992182465081868e+01
-5.662479756757713562e-02
-2.172257002995469932e+01
1.540353931690884970e+01
-9.680221258669800477e+01
1.483076094523515209e+01
-5.623505275495322309e+01
9.898284992468644816e+01
8.775590300099860741e+00
-6.389817835609703067e+00
-2.097254634931524109e+01
2.178286563713817614e+01
-1.900263631805015763e+01
5.666600801602885262e+00
-2.558333932013119494e+01
-3.022794312696448671e+01
-5.388644260644170458e+01
1.745632032141229573e+01
-2.863145866614567581e+01
3.720342882828805386e+01
8.321612814792328550e+01
3.551926912009691506e+01
6.626670717233078101e+00
3.365526722248915803e+01
-1.125688391034825564e+01
-3.195524168038469526e+01
-1.653411749779018081e+01
-2.183543421722503908e+01
-4.032322680103983714e+01
1.651927594787498732e+00
-8.462443134546662193e+00
4.213534373935828192e+00
-2.365147786535020558e+01
1.810405550625247173e+01
-1.391045359653147102e+02
-3.653767459411916718e+01
2.914310240304940347e+00
1.342367523190396383e+01
1.257044239468635638e+01
-1.645138392547709882e+00
3.606792055722782830e+00
-1.896450810823348831e+01
1.283559904201269308e+00
1.315669001294169149e+01
-4.105820753907367759e+01
6.558600141922659077e+01
3.388360560222061935e+01
1.717758167766724853e+01
-5.654429365506079996e+00
-2.031365872308729337e+01
-1.062419728531464713e+01
-3.835124213033437979e+00
2.332400744074943688e+01
6.532549869500019479e-01
5.430068324929258949e+00
8.491207263563183005e+00
2.019098340336046604e+01
2.830595965438283557e+01
5.544351959914079941e+01
4.111378618744642921e+01
8.559477302883129468e+00
-1.426638394997547898e+01
-1.893703385334083222e+01
2.000814029625242085e+01
1.956572628522670243e+02
-5.724993220486708623e+01
-1.395341985064723112e+01
-2.004631226393444621e+01
1.473542019800650138e+01
-2.474360407891468228e+01
1.961683275006017979e+01
1.400905766258624396e+00
1.540949408933644271e+01
-2.291523606734452301e+01
-1.395506238112965320e+02
-2.284788893702647528e+01
1.731836915099025731e+01
-1.283626235717957442e+01
1.263515548655534992e+01
-1.739187346154981739e+01
1.132443340046771718e+00
-3.446081854242420661e+01
8.885346201710442315e+00
-2.151544859161004464e+00
-1.176787080116445949e+01
8.578572439913301650e+00
-2.297835636883728583e+01
-4.317293110505023179e+00
-1.949070192719860017e+01
-8.743472993010627192e+00
-2.495467779992559443e+01
-2.559225696187735100e+00
4.526848254890489365e+00
-4.082683319793290799e+00
-8.841890685287692975e+01
-2.571109667174495406e-01
-9.958447914011170354e+00
9.270912085552181381e+00
-2.273815193079129049e+00
-1.396119922397191182e+01
3.843521114626864410e+00
-4.974244783381157831e+00
1.142215942483870350e+01
8.649421761556510546e+00
1.210787226299330754e+01
9.645658763175562811e+00
-9.616247498198958965e+00
-7.695490190485559268e+00
-3.113002127343427006e+01
1.581109226518665167e+01
-3.080499250810654388e+01
1.045557659358840397e+01
-8.051779271115314884e+00
1.587896056714909321e+01
1.241460693246928670e+01
-3.453259051728195583e+00
-9.961156644341853550e+00
3.396082380842509707e+01
9.569966959312237620e+00
-1.389281627623578430e+01
-1.253409222245801402e+01
2.746984813216821308e+01
-9.395552510492064968e+00
8.057637418424034692e+00
1.770819663149141547e+02
-2.115711173477308193e+01
-6.136919121426847035e-01
5.522541927134180639e+01
-5.964263068832477366e+00
-2.266880368358991760e+00
-3.786451804876556082e+01
4.344713579662789016e+01
-3.370365187405812435e+01
-1.897314626523460035e+01
-2.058344491166739942e+02
-1.932820156044769533e+01
2.028496562243163481e+01
-1.416955334419980517e+01
-8.902560439436596695e+00
-1.840165525752450293e+01
1.791257614125756348e+01
-1.761020123437555318e+00
3.034770186098377120e+00
-7.142986773867602501e+00
2.289974210649672770e+01
8.752067838246428266e+01
-4.033403090420921444e+01
-1.705773270707328537e+00
2.728253355150412673e+01
-2.176288826625202333e+01
9.478062338832327072e+00
3.327247545545540675e+01
-2.472678760406111209e+01
6.612452187263951231e+00
1.843269421210091821e+02
-3.435132090228569268e+01
-4.743151143454507945e+00
-5.308630771918418034e+00
-2.336412362485061678e+01
-3.145346775855559329e+01
-1.869202463067469822e+01
1.350948028758527819e+01
-5.516317499411128722e+01
-2.705020532257525545e+01
1.032882300804821369e+02
7.107051301359973650e+00
-5.625451481235795370e+01
2.860310745307215541e+01
7.670471711294442230e+01
9.273711578270206246e+01
-1.104378856795868735e+01
-3.108655429695444994e+01
1.137391995017706137e+01
5.262614447726912914e+01
-8.877369748499216939e+01
1.048701177182606692e+01
1.631829704391927871e+00
-1.607595215011503598e+01
-1.565220906551447833e+01
-2.588050748121496625e+01
2.786473363133930903e+00
5.295859398220627234e+00
1.784325701216939120e+00
-2.375369411617835880e+01
-1.045668385902294233e+02
-4.094112231655228840e+01
5.594983323611391945e+00
1.558367400018729043e+01
-3.906157594504655162e+00
1.380399943164557719e+00
4.735992182465081868e+01
-5.662479756757713562e-02
-2.172257002995469932e+01
1.540353931690884970e+01
-1.638399695418568172e+02
-1.976317937916005363e+01
-1.103100211624630234e+01
2.794761108189198495e+01
2.426848442907052483e+00
-7.484924439665016749e+00
-1.154431008079288556e+00
-1.626963891688279062e+01
1.121224409264460853e+01
5.604687732892264407e+00
-4.105820753907367759e+01
6.558600141922659077e+01
3.388360560222061935e+01
1.717758167766724853e+01
-5.654429365506079996e+00
-2.031365872308729337e+01
-1.062419728531464713e+01
-3.835124213033437979e+00
2.332400744074943688e+01
6.532549869500019479e-01
6.850259971140403081e+01
-3.534362596042473115e+01
-9.778145566330854876e+01
9.201425158544391536e+01
1.762877510947682325e+01
-2.532225068655283451e+01
-7.566657223288806300e-01
8.578782407618466266e+01
-2.850260695002456401e+01
1.782924787797655952e+01
-1.358631602395526556e+02
-6.465596414725662378e+00
5.534511074470739089e+00
-2.254580002041002729e+01
7.322212194639283744e+00
-2.178991645362502894e+01
5.399794778739534173e+00
-6.730783724274552071e+00
-1.434028683515450542e+00
-1.883150126621967679e+00
-2.558333932013119494e+01
-3.022794312696448671e+01
-5.388644260644170458e+01
1.745632032141229573e+01
-2.863145866614567581e+01
3.720342882828805386e+01
8.321612814792328550e+01
3.551926912009691506e+01
6.626670717233078101e+00
3.365526722248915803e+01
1.250209379651351327e+02
-4.841126135739354908e+01
3.874978083408489482e+01
-6.307729494999280817e+00
2.997665172552348523e+01
1.553881849331751752e+01
1.182949769877408031e+01
-1.150688842461010175e+01
2.078892459192960374e+01
-3.034730255765424189e+01
-8.841890685287692975e+01
-2.571109667174495406e-01
-9.958447914011170354e+00
9.270912085552181381e+00
-2.273815193079129049e+00
-1.396119922397191182e+01
3.843521114626864410e+00
-4.974244783381157831e+00
1.142215942483870350e+01
8.649421761556510546e+00
2.394005267478636938e+02
-3.863759788310424881e+01
-6.186000230443342573e+00
-5.322219187956245712e+00
-6.526597321440270605e+01
-5.432321982409972350e+01
3.254199601325495195e+01
2.081102309161070707e+01
-1.129657878117983394e+01
-2.741057037580637257e+01
-1.395506238112965320e+02
-2.284788893702647528e+01
1.731836915099025376e+01
-1.283626235717957442e+01
1.263515548655534992e+01
-1.739187346154981739e+01
1.132443340046772606e+00
-3.446081854242421372e+01
8.885346201710440539e+00
-2.151544859161009349e+00
1.099366914122520171e+02
-4.613817986595089593e+01
4.779323268597285335e+01
5.404761811804931426e+00
1.757847065533228559e+01
1.994957409986033170e+01
-6.892732929464102654e+00
-2.878608622482277823e+01
8.496709101410756304e+00
7.696634516720505914e+00
1.298030042242307900e+02
2.923747485608796737e+01
-1.068432004296733453e+02
-3.794332918428017365e+01
6.102003805171873552e+01
4.969285401164370342e+01
1.490478005357081592e+01
-1.438661310344467203e+01
-2.147832995098096376e+01
1.384212589204959087e+01
1.210787226299330754e+01
9.645658763175562811e+00
-9.616247498198958965e+00
-7.695490190485559268e+00
-3.113002127343427006e+01
1.581109226518665167e+01
-3.080499250810654388e+01
1.045557659358840397e+01
-8.051779271115314884e+00
1.587896056714909321e+01
-4.876135761215567577e-01
-2.320417752886744012e+01
-4.296175993850085462e+01
5.186305482555814450e+01
1.974407941446091996e+01
2.638841960275587084e+01
4.042320268077267542e+01
2.312419341977511777e+01
-4.511206548386484627e+01
5.346449110454264186e+00
-4.723196965805014713e+01
-1.255740385374378398e+01
-7.856623290030850804e-01
-1.972466410099465151e+01
3.659400505724577979e+00
-6.956578027808227205e+00
-9.117987605881909374e+00
1.547323707408519056e+01
-5.408758215841137229e+01
-5.158944999386801733e+00
-1.579389406129800193e+02
-3.041442938237516103e+01
3.550443326011430312e+00
-2.047381193949295763e+01
9.486986181436801502e+00
-2.507136389156678291e+01
-5.349250521736659714e+00
-1.309504758099334509e+01
-3.323131681356204403e+00
3.966526144700434742e+00
3.871379175122054761e+01
1.963901684888087473e+01
-6.288064667029055421e+00
-4.660227268015590596e+01
-3.793425554746719541e+01
4.805087382967569454e+01
2.725244012357909362e+00
1.472913266418555267e+01
-3.046481903962375171e+01
-2.135968328580625908e+01
1.188227126636387112e+02
4.035098080134573451e+01
-8.305050975273384495e+01
-3.949496536689522941e+01
-4.655257638451873703e+01
5.341216057178915122e+01
4.007099097877507177e+01
-1.330008051017435378e+01
-4.099846030220800941e+01
-1.044966945648203449e+01
8.620312010882836162e+00
-1.856870627693193043e+01
-1.114933145233232814e+01
2.815559168098306131e+01
-7.662356185686619803e+00
1.417902365076278848e+01
3.690295306122921914e+01
9.300656184864790177e+00
-1.293454450406375500e+01
-2.501367113441551382e+00
-5.643211440088509612e+00
2.621484197392859627e+01
4.747488627823300789e+01
-5.224159986449422632e+01
6.553532627017111167e+01
-2.993658672605317861e+01
8.103732166259220548e+00
-3.322842946588332325e+01
2.149878550905722818e+01
-1.501731293351724794e+01
2.608683021932383781e+02
4.606817872374544720e+01
-2.982284854740446356e+00
2.979717913732547530e+01
-1.672811127575014467e+01
-3.701800170236968057e+01
2.806786837929914569e+01
-2.854652725489632559e+01
1.257923300394578092e+01
-1.133100816280121137e+01
1.790906180617913890e+02
4.985617692549823232e+00
-9.037374490274753214e+01
1.589619843607275929e+00
4.330381578270048948e+01
3.575764794284999937e+01
6.794623774401153504e+00
-5.614221573521805908e+01
2.905346211392290812e+01
4.429611330774464051e+01
4.406715477279419702e+00
-1.250025533262909150e+01
3.109119033826876333e+01
-3.326498513017769909e+01
1.180118714073896768e+01
-1.973038577978750396e+01
-2.740827661013828243e-01
5.483160501516001872e+00
-2.988174150522448613e+01
-3.521106569652250329e+01
-5.226691338281622023e+01
-2.719361596161444439e+01
1.052294988542813492e+01
-2.967180768535054014e+01
-3.958385257190297324e+01
-3.713694862114537187e+01
-4.255222837614715203e+00
-3.662037671490049462e+01
3.196242977392802231e+01
-4.181999259758302401e+01
-1.062884907631534048e+02
-2.318133644820306039e+00
-7.999788178385446535e+00
-1.543520835796812740e+01
-3.416124976766834465e+01
1.336568898214721202e+01
-2.672681289560366480e+01
6.107072570100923414e+00
-2.158483747836952205e+01
1.158238457631038498e+00
-8.680969487657628747e+01
2.812468098273919637e+01
-2.218163886088326819e+01
2.339050661941576337e+01
-8.889545457465073852e+00
3.763594072060137741e+00
1.980397286607442409e+00
-2.332945959963600213e+00
-1.988524977383950176e+00
2.327516546214979609e+00
8.922770927611173875e+01
-1.010245430357829477e+01
7.978776880228193136e+01
2.543924664510293354e+01
3.210610474526863811e+01
4.197186228080239800e+01
1.672787935149068872e+01
-1.626974466142531384e+01
6.158250031014787140e+01
1.773055748748345195e+01
2.227471765678779434e+02
-1.149828080399135644e+00
-5.125049782336311033e+00
-2.907274648860864730e+01
-3.285946935796462753e+01
-2.842174788400105712e+01
-4.544981959606203326e+00
3.445296144346355760e+01
-3.354748735040837460e+01
2.742249437166484061e+00
-8.842935024503674413e+01
3.339305383730018661e+01
1.339517036071056033e+01
-1.384553571580355502e+01
1.561274714152382614e+01
1.927069822503838381e+01
2.102051651425434287e+01
-2.114055490451734443e+01
2.698790175226988275e+00
1.709697968405938084e+01
-5.369106040457746332e+01
7.094839240517319467e+01
-1.439815878395972959e+01
2.732238659844306383e+01
-1.254475721016717316e+01
-1.952841330460802283e+01
-3.528800956604732875e+01
3.694746914180568353e+01
-7.024676857322305068e+00
-3.324890107903229364e+01
1.896791002894428004e+02
1.285996927822350244e+02
-9.864017653044254530e+01
-1.936953562186113587e+01
-3.608511378824547933e+01
2.339293738074849571e+01
3.443560405012573256e+01
-1.283395514517807534e+00
-3.513479744847297859e+00
-1.068294489207215925e+01
2.407699246304598262e+02
5.245726230908397270e+01
5.490155756781428309e+00
6.665734278729988205e+01
-4.963011194656763081e+01
-4.667889043042796970e+01
1.120783504194543134e+01
2.892749419662618493e+01
2.129787214099522785e+01
-4.380234833051420651e+01
2.830601468518306163e+01
2.095050775972858332e+02
3.758914405634403977e+01
-9.807141973305189708e+01
1.768331021625798138e+00
-5.053244539786912526e+01
-5.411700078061316255e+00
3.908927514205549159e+01
-4.393316772163665718e+01
-2.104833895229932139e+01
1.010397253023558619e+02
1.186461594492478753e+02
5.416399866453527778e+01
3.720488583646647385e+01
1.980812380299894357e+02
-9.358150685637913568e+01
-2.643806454605725520e+01
5.455888428534628787e+01
3.600169000994298329e+01
2.887849602539351856e+00
1.967757163968435918e+02
5.145090704212190502e+01
-2.130095256987871721e+00
-7.250390761418771035e+01
-7.317125434325166111e+01
4.764039886827559656e+01
3.680868212670825557e+01
-4.353758240910712729e+00
4.432554737854945870e+01
-4.003071177744092068e+01
-6.245338256338040850e+01
2.383281291597760188e+01
-3.268259386447348191e+01
2.311942274036167788e+01
5.794629430953293081e+00
6.734820646156615354e+00
-1.421099636389527987e+01
7.216424010367698649e+00
-2.022394001145856990e+00
-2.412270017940014810e+01
-2.294476038972379115e+02
-4.187064865092894195e+01
-9.857449838132621878e+00
-1.318315684784693076e+01
-1.262666271182308897e+01
-6.519487286435948548e+00
1.336144740572841449e+01
-7.388561754089408851e+00
-1.475433462598618384e+01
3.008013630640855141e+00
1.634674441663420552e+01
-7.806236619650915998e+01
8.920231899948012710e+01
2.258415162480411187e+00
4.565269545459072376e+00
-2.835426031705810246e+01
-2.229761230057914823e+00
-3.085167161067080333e+00
-2.572617969737784893e+00
-5.385951950170746017e+00
2.715571851936246262e+01
-5.642854350562755172e+01
8.607513277721959355e+01
-7.138705910707047053e+01
-1.130019530265904564e+02
2.886319956904377371e+00
-4.727969186882568664e+01
2.953918082727367533e+01
3.775136864988652974e+01
5.048093166108618846e+01
-1.405571848304807361e+02
-4.931909848471996582e+01
-1.949437014787605804e+01
-2.342724352426805012e+01
-1.097152538363664043e+01
-3.556025466761239873e+00
-1.323951063157160668e+01
-2.316900384308469185e+01
8.420638133483473453e+00
5.521061006940387372e+00
1.166531016235804969e+02
8.043390341048962000e+00
6.050124146287076954e+00
-5.563656573997440091e+01
5.282098030292151414e+00
7.772665527638148220e+00
-1.525071661740506634e+01
-6.157675432253894598e+01
2.889274998684922124e+01
3.509749301010766764e+00
-1.733314609067442404e+02
2.856594540542083038e+01
-1.336168610077000629e+01
4.573508272482410320e+00
2.934873818915373178e+01
-1.728348579460417156e+01
9.715599290070526806e+00
-2.468049737312997749e+01
1.427370139651045555e+01
-3.135629937281838586e-01
-2.124699263273238330e+02
1.358766684202790032e+01
-3.462401791544718321e+01
4.673757336959712738e+00
-4.997468810396283878e+00
1.889389391900470949e+00
-1.969703312677784979e+01
-1.697231477560348267e+01
-6.119376781754144901e+00
1.550801024848404630e+01
1.763490951052378080e+02
1.542387130649748583e-02
-3.530730803500240000e+01
5.970884670469428102e+01
6.105864807148539519e+00
2.583401888407062330e+01
-2.817705277336434122e+01
-2.501888918762863057e+01
-1.875658126760840005e+01
-5.400638534202053620e+01
1.163063760976520058e+02
-5.089153315234058539e+01
3.820402569261264603e+01
2.848218880982092571e+01
-7.707030715292683132e-01
3.839654904509134070e+01
3.044643921624289984e+00
-4.624617392785044245e+01
-6.697337039205898179e+00
5.671568739720659558e+00
1.422715583206050098e+02
5.163166747992710981e+01
1.792368087841056479e+02
-5.729878298300294404e+01
-2.690017448548041923e+00
5.508260431992471950e+01
2.038252242931364933e+01
-1.300099021063118032e+00
-3.034677755151507128e+01
-6.624515451469858540e+00
1.220728397050411900e+02
-6.448316127078017246e+01
1.844740243741228269e+01
2.991058262017148550e+01
-1.936068896575814691e+01
2.561119853182027839e+01
-1.306959819122767819e+01
-9.415434686885191695e+00
2.282694532692766387e+01
-1.081373023893830521e+01
-1.867412666829817169e+02
1.214313396388340394e+01
9.438910007878561714e+00
-1.478248004563464058e+01
1.789583769885134856e+01
1.682065386835852649e+01
1.880796812535016471e+01
-1.133249959764278003e+01
-9.474024781821206886e+00
-2.587050141035312123e+01
-1.900699148234612323e+02
4.159238184018990125e+01
-2.488793505992065747e+01
-3.944573520025977054e+00
1.810063636005840593e+01
-1.795608318342734577e+01
4.544129080849802271e+00
-1.720067380294819870e+01
1.513255498353597961e+00
1.496548432083962332e+01
2.526080579532533932e+02
-5.721653077559432532e+00
-6.753738858979812676e+01
4.785436201866090755e+01
-3.720898112703935823e+01
-7.512748648636708992e+01
-1.756428922851541330e+01
-1.990890705657658799e+01
2.563096798587999814e+01
1.689645887353406550e+01
5.393252951722093513e+01
-1.968315300341038210e+01
2.482422076622580320e+01
2.787746786845280411e+01
2.806814558990380348e+01
-6.022523985104890443e+01
-2.735939017030835885e+01
-2.284457059650290844e+01
6.764549759552123476e+01
-4.680279654279196677e+01
-1.500161842304736695e+02
1.554654048483149253e+01
-1.093201146605465901e+01
-9.755650524676056090e-01
-4.389554292529937563e+00
9.904045148759458073e+00
3.383423619757772283e+00
-2.507755173163827678e+00
-8.797376349828809339e+00
-9.867296462003132262e+00
-1.768152757826096888e+02
-1.564755477753959667e+01
-2.305661260864873796e+01
-1.205015485380479090e+00
6.268382569011567540e+00
-1.951294255757024487e+01
4.209368661429441438e+00
2.747298994380785508e+00
-1.103926933186345138e+01
-8.953658289792436609e-01
1.654760736527818779e+02
-5.905155937069439886e+01
5.746579662901654473e+01
1.971465193032402041e+01
2.735167122155234054e+00
-1.528614716964331421e+01
-1.170244547263314505e+00
-5.276787981363193580e+01
-3.939353641512809645e+01
6.647770118231164815e+00
1.854922750734069723e+02
1.250628916873803576e+01
6.271352577693967589e+01
6.575034525654336903e+01
-4.629333062254782583e+00
-4.442839384138022041e+01
-2.819782592202265903e+01
2.009182363442906194e+01
-2.338655833690964414e+01
2.992127532437293347e+00
1.139892400051975727e+02
1.247952325373466778e+02
1.343321137263967842e+02
-6.471145680335249040e+01
2.789808224568433204e+01
6.095214057916250994e+01
2.486538787690342289e+01
1.082639770201535256e+01
-7.003398597925981051e+01
-3.066656406692317205e+01
-1.419237814400466675e+02
-1.235076668647964837e+01
-9.836352124488008997e+00
-1.506011781478219902e+01
-1.305244032696623968e+01
2.123818620257463596e+00
5.595962011939573794e-03
-6.025461858012884919e-01
-5.963397994152036752e+00
4.002244788780668472e+00
-2.145831185520570443e+02
-5.792550114259982230e+00
-3.966267728022300787e+01
-1.932606417448482716e+01
-1.037737029853259685e+01
2.431172651605549184e+00
-8.624374890554058481e+00
-4.988359486496546147e+00
-6.124009300681025891e+00
-1.549734294623043018e+00
-1.752706669741371854e+02
-1.595578212531574636e+01
-2.374020431159134858e+01
-2.001826706251568222e+00
6.539933626077909068e+00
-1.918809778934590327e+01
3.831806554567310119e+00
2.997146016379802269e+00
-1.067848848365898995e+01
-1.149726769162545903e+00
-2.130642612574259260e+02
1.289660300164477924e+01
-3.406180342853431142e+01
4.868451225246801961e+00
-4.738002737339054526e+00
1.689523068962879071e+00
-1.936295369891363904e+01
-1.708997759915708414e+01
-6.212260475209276933e+00
1.566605941164064753e+01
4.513362199384646090e+01
-9.712511119211782784e+01
9.555640169513061721e+01
-1.851243137284692697e-01
5.625701789535936115e+01
-2.520251289562211028e+01
1.750962073439128908e+00
-2.033856741932732959e+01
3.350251041256832263e+00
-2.804226545443151863e+01
1.957547375389735862e+02
1.241984959220495170e+02
1.129218260991189311e+02
-1.207919761324524721e+01
4.375977585257239610e+01
5.493561380468698019e+01
6.790570829046976620e+00
2.472007028479556112e+01
2.446597288571389583e+01
5.506255427705083605e+01
1.915174470447458077e+02
-9.687435850209340060e+01
1.244005320800401471e+01
4.434227389413419473e+01
-2.070188622153234448e+01
-7.076520865162680707e+01
5.293838617052104567e+00
5.870987560712931241e+01
2.229318647542164911e+01
-6.699875477144553670e+00
-1.385488101006580166e+02
1.545757075768264066e+01
-8.891918921179980728e+00
2.601962659452588511e+01
2.007530134987200299e+01
-2.858729580860676478e+01
1.259349076989224869e+01
2.987028620467420126e+00
-2.107270988965968073e+01
1.554564445001178896e+01
1.957547375389735862e+02
1.241984959220495170e+02
1.129218260991189311e+02
-1.207919761324524721e+01
4.375977585257239610e+01
5.493561380468698019e+01
6.790570829046976620e+00
2.472007028479556112e+01
2.446597288571389583e+01
5.506255427705083605e+01
-1.739773693295761063e+02
5.744309800487381601e+00
-1.131472460456021523e+01
-9.399327094729040155e+00
1.293813483092462358e+00
-1.833808733007330360e+01
1.228216951930910916e+01
-1.212587309472773889e+01
-9.343959699809071040e+00
-1.298229716601825778e+01
1.957459805378588271e+02
-5.638476577640527410e+01
2.512000175732169538e+01
5.345390111896297647e+00
-4.017895038121583440e+01
2.808320544430208621e+00
2.203578512431188585e+01
5.332117991459271877e+01
-5.075607067155653018e-01
-2.246498741129673604e+01
1.995845908610922663e+02
1.290850607719851517e+01
6.915924425826764832e+01
2.701344813401668077e+01
-2.285629060071201835e+01
6.093422354995633228e+00
6.895565415547112664e+00
3.135305758434610013e+01
1.212042073946916609e+01
-6.354255746111095782e+00
1.590264391056688851e+02
1.242067014540494512e+02
1.427128139033656566e+02
-5.718903095838609119e+01
-4.702525046031531986e+00
5.318761527959312474e+01
-2.484460431155479299e+01
-1.208936138743133171e+01
-2.514749789262135948e+01
-2.188336190044442731e+01
-1.289981398156702141e+02
-2.512708799043046426e+01
-1.358409926397569301e+01
6.869467880699852813e+00
-2.600622637526518588e+01
1.089244146103272293e+01
-4.063154266105855505e+00
1.921131067399854331e+01
-2.866408796140588677e+01
-3.138778040043028295e+00
6.148530781995562933e+01
-4.514480618945311363e+01
9.482506660516276042e+01
-1.937831192458271090e+01
-7.313684340113654514e+01
1.229001229529266226e+01
-3.289665848963392136e+01
2.739747007516407251e+01
9.549835860687055700e+00
5.746354810540331925e+01
7.317555521546607622e+01
-4.544757347056940233e+01
1.164775652196704101e+02
-2.575421733171462080e+01
-7.087175573709043874e+01
-1.599132041467542820e+01
-4.101555830973633476e+01
4.456344093542190166e+01
2.300917114066592362e+01
3.739493874582322519e+01
-1.896208694857984653e+02
-2.486215887845623129e+01
5.692519766080587296e+00
6.932038894514861660e+00
-8.532609090261090046e+00
-1.848195857773265161e+01
1.135509020392787249e+01
-3.584623466795278546e+00
-5.043668693689221882e+00
-8.248094704443873937e+00
1.678500717229374857e+02
6.423737056480503327e+01
4.561974876595888406e-01
1.843537123735327299e+01
-1.372890776760632292e+01
-3.011651582589103171e+01
1.872578719580222995e+01
2.481707830784964930e+00
8.906576586779204163e+00
-5.268630027510641689e+00
2.205842995132786939e+02
1.088852791346887869e+02
1.130238976401120539e+02
-3.879557244439998165e+00
2.535245145499843744e+01
5.715035340979260781e+01
3.885526584106025894e+01
1.629194726418026917e+01
-7.364133479131857563e+00
3.034864535865656165e+01
1.014032453331436443e+02
-5.174107347874223706e+01
1.304805705575708430e+02
6.713459297473653109e+00
7.307369488787908551e+01
-1.604494298340643610e+01
4.927349735441334388e+01
2.846688296631989523e+00
5.864535796557222014e+00
-3.281726080173049098e+01
1.162997555916128363e+02
-5.085993716422157718e+01
3.820827601628254655e+01
2.846265128840754954e+01
-8.069243497132005949e-01
3.842460354733858452e+01
3.051104474006666400e+00
-4.627298190489570118e+01
-6.715136407406444796e+00
5.676576824851770731e+00
-1.460734432813498245e+02
-1.149774489174307135e+01
4.225318955216095418e+01
5.718950287610931937e+00
7.886615088803417883e+00
-4.153870753252173387e+01
1.878321824641491133e+01
-7.724001038139767239e+00
3.480336158567858718e+01
-5.103154108594591953e+00
-1.719478803224708656e+02
-4.061634632383763766e+00
-2.177498640851519696e+01
4.951231996746246367e+00
-2.092050623129270370e+00
-3.386167475957136297e+00
-5.697966822555641464e+00
2.541225241794908274e-01
-5.365011977116421749e-01
1.871536770242038905e+00
7.317555521546607622e+01
-4.544757347056940233e+01
1.164775652196704101e+02
-2.575421733171462080e+01
-7.087175573709043874e+01
-1.599132041467542820e+01
-4.101555830973633476e+01
4.456344093542190166e+01
2.300917114066592362e+01
3.739493874582322519e+01
-1.814899362975228030e+02
-3.240732909523853067e+01
6.169943245230656181e+00
-5.599419674610030206e+00
1.882932953702948442e+00
-1.447100042700958333e+01
4.625781239148807344e-01
-1.258576598296733629e+01
5.664275933726484524e+00
-3.428835077152650790e+00
1.995845908610922663e+02
1.290850607719851517e+01
6.915924425826764832e+01
2.701344813401668077e+01
-2.285629060071201835e+01
6.093422354995633228e+00
6.895565415547112664e+00
3.135305758434610013e+01
1.212042073946916609e+01
-6.354255746111095782e+00
1.008094740621561556e+02
-4.066420914171337131e+01
-2.421261856347628338e+01
-2.821955734517235470e+01
1.011392142870721642e+02
1.626079558878631914e+01
9.938239310570883944e+00
-5.463313024027264930e+01
3.073755996080387476e+01
2.914705582063319866e+01
6.148530781995562933e+01
-4.514480618945311363e+01
9.482506660516276042e+01
-1.937831192458271090e+01
-7.313684340113654514e+01
1.229001229529266226e+01
-3.289665848963392136e+01
2.739747007516407251e+01
9.549835860687055700e+00
5.746354810540331925e+01
1.799883823954248498e+02
3.091654215413384676e+01
1.538237950326428916e+02
7.716606388669985606e+00
1.932935236734674334e+01
2.529631044877853441e+01
6.999187704091744422e+01
1.535517871248153554e+01
-3.369504842715153359e+01
-1.157344477417067274e+01
-6.974345864543354878e+01
-3.660722644420658867e+01
1.628788263816467818e+01
-8.580811342346585491e+00
1.374454637990091221e+01
3.018427041155685586e+01
-5.519754719024692236e+01
-2.392772206215643394e+01
9.181901860657282199e+00
2.284995341006855196e-01
1.727614317809146485e+02
9.338391316377973794e+01
1.433932295512838380e+02
-4.489823773547362151e+01
2.036266286453343355e+01
5.897357798671167473e+01
1.621375202474355959e+01
5.365924784054854513e+00
1.712863918308743516e+00
5.097002556225185543e+01
1.069744916384226201e+02
1.101493449886778109e+02
5.916379511110196177e+01
-1.679084788995793787e+01
1.092030391281736854e+02
-6.569561479705369322e+01
-2.352447929378585201e+01
6.168968583242236292e+00
4.621168056150094117e+01
1.418298098004686025e+01
-1.184539165278994091e+02
-5.137558974284227276e+01
-2.831113858121193161e+01
-1.341216343058930605e+01
-6.162059236304317977e+01
2.759417348971692974e+01
4.354583884616769041e+00
1.859720443769529163e+00
-5.636311499233038091e+00
1.774537806159449449e+00
7.146758647370408823e+01
-1.654193092609001070e+01
3.667756858066792347e+01
-4.604880349397932804e+01
5.379412671876752228e+01
-2.622187911775282387e+01
1.401264271929866467e+01
2.735764534918550694e+01
-4.767812623591832555e+00
-1.096506983261890511e+01
-1.015184825015770969e+02
-8.447460389216693954e+01
-2.966206884421094969e+01
5.737748142018083364e+00
4.006968633206767549e+01
-2.946351445285396053e+00
-3.117518272407633795e+00
7.534308768534500267e+00
-2.969957128367923715e+01
-1.414221691660686453e+01
-1.605073186775441627e+02
-7.719005246249855290e+00
-7.978857360458756709e+00
9.749971738460224913e+00
8.397505474558027316e+00
-5.063881800135592748e+00
4.665074604837387007e+00
-1.761714947868307490e+01
-5.300854611394041349e+00
4.383049629585721085e+00
1.139892400051975727e+02
1.247952325373466778e+02
1.343321137263967842e+02
-6.471145680335249040e+01
2.789808224568433204e+01
6.095214057916250994e+01
2.486538787690342289e+01
1.082639770201535256e+01
-7.003398597925981051e+01
-3.066656406692317205e+01
-1.987834113501812965e+02
-1.069224545324110842e+01
-2.102267450672889026e+01
-8.804596273268773032e+00
-7.440228630354391193e+00
-8.950670269579880101e-01
7.963231608853734933e+00
1.119285189437835726e+01
-6.038348968493865598e+00
5.341813643014719837e+00
-3.046990965407216123e+01
1.246669335724669310e+02
-3.602895244293033272e+01
2.072906336696911822e+01
-1.661997310870165023e+01
1.247496739570944158e+01
-2.063870481214242858e+01
-1.836037062794458308e+01
-5.119526469945619773e+00
4.782074488983710125e+00
-2.255848631647917824e+00
7.516664970626634101e+01
1.481394955263941959e+01
-1.138765222586487802e+01
-9.832396887374523331e+00
-6.982500147535739998e+00
-2.303061479043791948e+01
-1.092279022317172377e+01
1.752871057273941346e+01
-1.005408548276937708e+01
-6.237437383253426049e+01
-4.252679974289158005e-01
1.676460145600166030e+01
-1.336341146288705950e+01
-2.540196598987634147e+01
1.963777674325393408e+00
-6.959783730936635493e+00
7.798759828994563215e+00
1.246884389215923861e+01
-7.109317405750561925e+00
-2.124073947528637518e+02
-3.350379235263175559e+01
-2.078141194349579024e+01
2.350240072840496808e+01
-4.731270608642788034e+00
-1.527942819312909961e+01
2.110686971305334581e+01
-4.406569253450111745e+00
-1.134572007663907023e+01
-4.059589751388880785e+00
-7.794234114908043409e+01
3.481185834677823721e+01
5.071183704898781031e+01
-3.886153337964493204e+01
2.787676924929575861e+01
-2.790787267728084942e+01
1.707637182777148865e+01
-5.397157055905633172e+01
3.707741644151676752e+01
-2.966984865030607565e+01
8.599101237358705419e+01
-7.432505361922686404e+01
1.353463242160589743e+02
7.727751749485586297e-01
8.143225106683429715e+01
-4.476465392518436914e+01
6.325005061225020597e+01
-5.667308084028690018e+00
-2.298590263141891299e+00
-2.805914988966873125e+01
1.114382387447951572e+02
3.458358630353578711e+00
-2.374543120190596657e+00
1.024476295298614161e+02
-3.185490424249755392e+01
1.052919950602300503e+01
-7.065527041471357350e+00
-1.435871782141546316e+00
-1.227429599832224216e+00
8.844552883495701678e+00
-1.730093375901988964e+02
-4.541839055889183641e+01
-3.400654854981446107e+01
-1.334142228893270277e+00
-8.648895131033135897e+00
1.584806946442455455e+01
2.155880330090083774e+01
1.794780596781975390e+01
6.432489902482581456e+00
1.069070513644791554e+01
-1.616159503257945858e+02
2.287512812309642030e+01
-1.056207263831552901e+01
-3.514959315974932164e+00
2.291459531494906088e+01
-5.736233089173476429e+01
-1.057329280667332005e+00
5.101222804752268303e+00
3.264071803397882121e+01
2.147598445085503016e+00
-2.629228509249096746e+01
-4.145724410893065226e+01
-6.366489116284347327e-01
2.653025764703926259e-01
3.469893367697549280e+01
3.689233343516183083e+01
-1.804916096487718136e+01
-1.536027507249672830e+01
1.789165280051558671e-01
-5.620672341459230559e+00
