-1.823414540773000851e+02
-5.008919418445771932e+00
3.042086332125476389e+01
-6.817004805941176748e+00
-6.210459546425231458e+00
1.098542270760487494e+00
3.817346317943693634e+01
3.723397461090199201e+00
-1.054432108963054127e+01
1.282060556639232729e+01
-1.710162369208526627e+02
-1.859429092523089722e+01
-2.633397929319401598e+01
-1.626520956095763637e+01
-4.072281966205654413e+00
1.979702053329620570e-01
-3.886775228954514105e+00
-1.910328344921284227e+01
-2.178903792506785564e+01
3.319830820902969770e-01
1.319820072528670778e+02
1.528698211033615451e+01
-2.296796570335439469e+01
2.966856976164633863e+01
1.069079352136830252e+01
-3.696831616704913159e+01
-1.614300944787742154e+01
-2.354307421398092615e+01
7.956266519500083678e-01
-4.565204360045570731e+00
-1.939270200487576119e+02
7.546698910528865767e+00
2.934226757877098279e+01
-6.005303389360220123e+00
-9.740062114830825735e+00
8.944240873220858035e+00
2.022007216011463271e+01
3.432786629447744531e+01
1.023273679524468349e+01
1.065563950617681677e+01
-1.417033103490192048e+02
-1.293892991279569316e+01
2.519649954636677958e+00
-3.584530149058404191e+01
-8.807808221782444491e+00
5.538072089600304615e+00
-1.430064048689648537e+01
2.425177669947659354e+01
-1.162221041797796417e+01
-3.755439436441021073e+00
-1.348613228400646165e+02
-5.697690833391488496e+01
-1.680641905887101117e+01
-2.630532743373947113e+01
-1.453312711751288289e+00
4.042024832494702480e+01
8.483299564677714955e+00
7.850083611674306461e+00
-1.546883600551648419e+00
9.151419369536132109e+00
-1.741219452596304791e+02
-1.540260848775144353e+01
1.193719998337204213e+00
-1.182698447674665054e+01
-1.288143919382015667e+01
1.598331474000777686e+00
9.947951972609282434e-01
1.858625451899453163e+00
-7.621527318962708186e+00
5.573704567159318835e+00
-1.546150395707293796e+02
-3.741385499372172241e+00
-3.843813118262068684e+01
-4.093928757276927399e+01
-2.705255022436528023e+01
-1.714627788982549816e+01
6.185449588199984028e+00
-2.839010224600191989e+01
-1.303984901953731956e+01
1.894319096567783944e+01
4.616353590043733135e+01
4.577075618049276784e+01
-1.300425327098309936e+02
-2.336867486843605590e+01
4.738905471460584096e+01
-6.625717266211760048e+00
2.645174870374977516e+01
1.987433862469756818e+01
3.471250956593397441e-01
-6.230576019189381753e+00
9.771553145145469443e+01
1.559531314491323144e+02
5.605372132136427155e+00
1.115185866609507137e+01
-3.894389893304204708e+00
4.063508478302009053e+01
-1.783941389284196077e+01
-3.357153264469257437e+00
-1.313324224159972431e+01
3.354964964179322351e+01
9.423071982482892395e+01
1.059613082197794967e+02
-6.792242398750370569e+01
6.309144035845967124e+01
-2.596978868356873349e+01
-3.089065632272889417e+01
2.330692800102743689e+01
-4.767105235622340587e+01
2.806436516966161587e+00
-1.148402273599336532e+01
8.445890602570894146e+01
8.878578328726584346e+01
-5.294845475508493848e+01
-3.821031038896058618e+01
-1.879782177577506275e+01
-4.995887200355921465e+01
-3.374722454925576898e+01
-5.539699090457370190e+00
1.558470234344747318e+01
6.667488798611010736e+00
-1.484306696081515895e+02
-3.259120438665568287e+01
-1.924479503095378163e+01
-2.766549226561800268e+01
-1.840807880413112585e+01
-6.162425705294705125e-01
3.534934394614352993e+00
2.081914713037374742e+00
-1.628844964280166607e+01
-2.319507479701668373e+00
-2.378211585301528075e+01
3.646559680370831558e+01
1.300429041851207579e+01
1.732394324366642868e+00
-4.225494641021617070e+01
1.702700353250763854e+01
-3.836850743529484475e+01
4.019372296023551172e+00
5.095952432047309300e-01
1.613408161255673079e+01
7.392542946756867650e+01
1.508009114816802878e+02
-3.915414658453939545e+00
-1.889546695827005607e+01
-2.246823360868552300e+01
5.173336324292256450e+01
-3.926414989434044855e+01
-6.577969335917988936e+00
6.739591730953647719e+00
2.074102434945115814e+00
-1.447652532293196259e+02
1.266027600453059065e+01
1.369431448283833319e+01
6.001437729921698327e+00
2.355079544546680737e+01
-7.247738223047067940e+00
3.080329653216062624e+01
-5.984562974726726736e+01
-1.866156886576164808e+01
-1.687441274139649394e+01
1.019258241094650259e+02
3.310291303883068537e+01
-2.092460576574367437e+01
3.036927074570069607e+01
-1.290946359995354698e+01
-4.859019051934589051e+00
-9.666467846168037781e+00
-3.800862951735211048e+00
-3.292584087378463664e+01
8.908916133291814532e+00
-1.548388599759319106e+02
-4.322203769505689053e+01
-1.349772585658047852e+01
-4.766338882546369149e+01
-6.890014213368722551e+00
8.384797479272419807e+00
-1.357630317298773592e+00
1.606906303128796409e+01
-1.222314959319189498e+01
3.389175546143968631e+01
1.214271974607142823e+02
5.814545254134080210e+01
1.383088178570182158e+01
2.134182961833865377e+01
3.564990023400291363e+01
-6.938487364970715987e+01
3.837668200667479823e+01
-2.667431128841592525e+01
-4.248588747010532529e+01
-9.277793571857721133e+00
-1.447652532293196259e+02
1.266027600453059065e+01
1.369431448283833319e+01
6.001437729921698327e+00
2.355079544546680737e+01
-7.247738223047067940e+00
3.080329653216062624e+01
-5.984562974726726736e+01
-1.866156886576164808e+01
-1.687441274139649394e+01
-1.610681590349764463e+02
-2.409980680117195462e+01
-1.494409637441782301e+01
-1.360134181255133612e+01
-2.925914208835465757e+01
-3.004137249189072101e+00
-2.023312149983326691e+01
-3.353151428538213796e+00
-1.096662035982800631e+01
8.152582637743430283e+00
-1.013999862224071933e+02
-3.740041172425696203e+01
-4.173012508912456298e+01
4.844362890805169286e+01
-8.286233318934591807e+00
1.073114491945136528e+01
9.578434809317585064e+00
9.251553222314461422e+00
1.460790731355477945e+01
2.491832469943732775e+01
1.219754887384658275e+02
1.887636749637851779e+02
-4.089495617046242870e+00
-2.125184045350471962e+01
-2.852260168005788188e+01
-4.632917903596271714e+01
1.119666668879325533e+00
-1.638282329375759616e+01
5.735506455617144184e+01
-3.109228206499285818e+01
1.092701197034220328e+01
6.520960535277454539e+01
2.901566917373244792e+01
4.311346427504562229e+01
-3.680972765107910050e+01
3.932264053995646602e+00
-3.481127538072619387e+01
-5.307656661791699371e+00
-1.040236211133034239e+01
-3.971616819204999871e+00
-1.548388599759319106e+02
-4.322203769505689053e+01
-1.349772585658047852e+01
-4.766338882546369149e+01
-6.890014213368722551e+00
8.384797479272419807e+00
-1.357630317298773592e+00
1.606906303128796409e+01
-1.222314959319189498e+01
3.389175546143968631e+01
9.760741103446639499e+01
-1.270171605935923154e+01
1.012289505020738822e+01
2.835700948082062212e+01
-4.075752652468997894e+01
2.978186751663429632e+01
8.511508379270983582e+00
-8.177928776249672183e+00
1.524485631844125422e+01
-8.736249721438316129e+00
1.262529459655359290e+02
1.788274356151677580e+01
-1.191526339873963103e+01
4.432799331864482895e+01
4.825740561552169083e+01
3.496617188999434944e+01
5.397526280018841049e+01
5.046014031241396225e+01
-1.105155064904202611e+01
2.431683779116140087e+01
-1.013999862224071933e+02
-3.740041172425696203e+01
-4.173012508912456298e+01
4.844362890805169286e+01
-8.286233318934591807e+00
1.073114491945136528e+01
9.578434809317585064e+00
9.251553222314461422e+00
1.460790731355477945e+01
2.491832469943732775e+01
4.964660490343275967e+01
9.900189676410555251e+01
5.248262131605825687e+01
3.194918498215571390e+01
5.869214493316735393e+00
2.119497365836953051e+01
1.079669055629294760e+01
-2.196978505606718102e+01
3.692376344768793395e+00
1.319467960027256126e+01
-1.289939890982279103e+01
-1.773304189925028140e+01
1.605365193667230406e+00
2.635496410267685974e+01
-6.349484256647068747e+01
-3.900564883492493351e+01
-4.630744473987137155e+01
2.582435818362697866e+00
4.205875989482418476e+01
-2.967287205545179418e+01
-1.312672289693203140e+02
-2.131890010730236185e+01
-1.071141396067299745e+01
-4.933093866265421212e+01
-2.009809643824797476e+01
4.880136541687821961e+00
-1.252505611327963919e+01
-7.672817831139473910e+00
4.345092083026835361e+00
-2.074761882129314117e+01
8.294265736815977164e+01
5.911749461875330525e+01
-4.632286536968651092e+01
1.549268871272536252e+01
-4.644717419719653151e+01
5.856830859939725542e+01
1.838917730316554255e+01
4.862452975762029439e+01
-2.408586251225538177e+01
-1.045987346436832333e+01
1.156922200516968218e+02
1.628156636678405178e+01
2.858693173372202523e+01
1.309679547971094848e+01
-3.566309503521154767e+01
-1.033986052250216936e+01
-8.096550468346107721e+01
-1.492355422174504787e+00
-5.948168710215144728e+01
-2.959847382020696749e+00
1.652390808690137192e+02
-3.752937881573900114e+01
-2.023510683656533082e+00
2.887719333234168673e+01
-3.125811497375924475e+01
-4.619491659492657720e-01
5.812435298525673311e+00
2.564944984864790944e-01
-1.367073455051121655e+01
-6.139983955378507829e+00
4.658082306970948849e+01
7.972889977893430569e+01
-1.140496077517828688e+01
8.180057764645219720e+01
-2.613624928635863043e+01
1.507691018848609943e+01
-3.390969322332693281e+01
-1.492522208839002040e+01
5.091769317496152247e+00
6.320621225147527333e+00
6.840499231086603515e+01
1.027744103822990773e+01
-4.254253862650813289e+01
4.864625592852045344e+01
-4.943455210319566362e+01
4.963008144392786392e+01
2.499369575046205938e+01
-2.854393770220251270e+01
1.095363073044905455e+01
-1.734251797810867757e+01
8.460812301292294535e+01
-1.011286118674788881e+01
-5.326892754932968899e+01
-7.564767887601269614e+00
-2.008180668917212230e+01
-1.148172535343696232e+00
-1.807394565771588901e+01
2.445699314085608833e+01
2.945524649237203363e+00
7.010780054654414783e+00
5.253136101146811399e+01
-1.775321091125745809e+01
8.644618574491255814e+00
1.316340959228282204e+00
-4.974669607822325190e+01
1.177801346725710196e+01
-1.070929586094669972e+01
3.039339706202681413e+01
-1.152223064549572662e+01
1.822841874288787523e+00
7.392542946756867650e+01
1.508009114816802878e+02
-3.915414658453939545e+00
-1.889546695827005607e+01
-2.246823360868552300e+01
5.173336324292256450e+01
-3.926414989434044855e+01
-6.577969335917988936e+00
6.739591730953647719e+00
2.074102434945114481e+00
-2.010254559844436812e+02
5.533557718544033577e+01
-1.967211858306825434e+00
-7.551635249541893025e+00
-7.580356430401485213e+00
-1.300617610536737345e+01
2.457620443093493279e+01
2.049683022959579048e+01
-7.519412982928226796e+00
-6.568179041521938544e+00
2.395256546401743947e+02
-1.493482226776624122e+00
1.167777733885927347e+02
3.164894232833903231e+01
5.129722543877604579e+01
-2.406891582787416795e+01
-1.193454623874531606e+01
6.760479162574853262e+01
-1.777031159514898206e+01
-1.524101083420833369e+01
1.422755794368100339e+02
3.235349163242147608e+00
-6.118870326086395295e+01
1.555347146710135853e+01
-2.975249015716248024e+01
-3.976498788933736250e+01
6.915947283485778030e+01
4.012274786785377501e+01
-2.058765543373360885e+01
2.855643439982652865e+01
6.822328400162896855e+01
3.256933189983808319e+01
3.449725805759027253e+01
4.538726073780480874e+01
-5.970276869474576387e+01
1.327803758626244068e+01
-3.733151147613077825e+01
1.480191485484404934e+00
-2.424634514509740413e+01
2.572384335692513346e+01
-9.505920670374956671e+01
-3.422464104585976941e+01
-6.261766413514266816e+01
-3.420546970894341854e+01
-3.676456175103056268e+01
-6.293811668983311236e-01
-4.631469405161315223e+01
-2.815571115062403251e+01
-9.917055571141194292e+00
-3.132433201427907932e+01
-1.500231507101308068e+02
-2.180329933492915817e+00
9.689133279338540961e-01
-2.515802956486084696e+01
-2.184918334706355836e+01
4.670419810120577608e+00
1.811251571950129424e+00
-5.300248420963593787e+01
-8.494028902625228028e+00
-3.627839251793692821e+00
1.749160369012080594e+02
1.184338302330611583e+02
1.811410770533284476e+00
4.355215548563523242e+01
1.628677812979972828e+01
3.181762342749521011e+01
-2.737782128470781728e+00
5.214857791619204264e+00
1.441143553815396494e+01
3.903404603603868139e+01
1.890158130718559804e+01
1.055484045948802532e+02
-2.946964655771571273e+01
1.156707949741262809e+02
5.835163211927022786e+01
2.021408811427666308e+01
2.031508658149300928e+01
5.291712778236468750e+01
1.348058975832358719e+01
6.162221612604892584e+01
-1.607304160568977807e+02
-3.043756102218396009e+01
-7.485474189540161083e-01
-1.534562237604797552e+01
-3.005615877678438252e+01
4.665716923625446100e+00
-7.521852325696212205e+00
-9.818360033339624593e+00
1.052613996822639919e+01
1.835191756682086961e+01
-4.893708651901934559e+01
7.213169507942281200e+01
1.253456765086518843e+01
6.073252483774593458e+01
-1.586787098376009730e+01
1.993924727206371017e+01
4.112799114151426494e+01
-3.095314019396267113e+01
-1.743083617031561161e+01
-1.456732937174407816e+01
-1.053686879564739911e+02
-7.904569931698668483e+01
-9.834073218713102804e+00
-7.384633875314871432e+01
2.577908175926460643e+01
-7.371212756294680091e+00
2.507106444872234619e+01
-8.031830914652916542e-01
-2.703280799165290915e+01
-2.218048621715741131e+00
-1.010035503626839528e+02
-5.221803538649366772e+01
8.395222986798213327e+00
8.287328428200362751e+00
9.901428246628697138e+00
-2.141342217850377949e+01
-1.829180250595422663e+01
-2.517666753522149747e+01
4.201555379027044346e+00
-1.118944541870306253e+01
-1.962734816074944320e+02
4.557169668823403130e-01
-1.400024468716195081e+01
-4.988176187572503473e+00
-3.907735132971601910e+00
2.726654327323299398e+01
-7.907164422646661528e+00
-2.446471845754027541e+00
-7.315049436301841901e+00
-4.613461146900477594e+00
-6.406588871442824029e+01
1.345049184095295125e+01
-6.085581418530032316e+00
-5.942317248041238287e+00
-1.253081211066121625e+01
-8.272348086071357187e-01
-1.280437713859765125e+01
2.335900723094178399e+00
4.819604404107096229e+00
-1.156880153057011462e+01
1.009986948493172747e+02
-7.513730218861982735e+01
2.847292968798153723e+01
4.775792436779536843e+01
3.694925508383197865e+01
-2.785426283486628662e+01
2.283652746465558536e+01
3.641182149079948260e+01
-2.670590900740451090e+01
-7.358185709915472827e+00
-1.493071635308735665e+02
-5.051161372223000967e+01
-3.233594231864396207e+00
-4.180615279055421496e+01
-2.357468898857724326e+01
1.369825314399599314e+01
7.013622279346527932e+00
-2.579230100464857234e+00
-2.058303362614402587e+01
2.323791480694045575e+01
-1.582249233034996507e+02
-6.492155049738969730e+00
7.398106432351509909e+01
-5.676133695287287395e+01
1.900570566603688150e+01
-1.288303567307884911e+01
3.470611044717040272e+01
4.560363332177696805e+01
8.886077519460494401e+00
1.580139030453303661e+01
-1.759471975895801279e+02
8.185245265829493633e+00
-1.379889138221546929e+01
-8.605467550859275505e+00
-6.101337605921877127e+00
9.142600599516041981e+00
-7.193255567209432044e+00
-3.395909915675062507e+00
-8.212699565250234812e+00
7.819992732161981763e+00
-3.959677154315990322e+01
-4.207016198739037804e+01
-1.801815963597829295e+01
2.612939182305460406e+00
-3.513276588302661452e+01
-6.637450284389109889e+00
-1.133599917699805282e+00
-4.696447670537144603e+01
-4.592307291591512808e+01
-4.051362855554103248e+01
1.679373283402292145e+02
-4.474554701251991418e+01
-1.881695811742927660e+01
-1.847636723336516340e+01
1.003247769101334974e+01
3.832835035989820227e+01
2.077602218973010650e+01
-3.276486346039065012e+01
-1.183372652189039620e+01
-1.438388303469945306e+01
1.503170758028227283e+02
-3.482313348212036885e+01
1.783285163729101441e+01
9.956001565565736344e-01
3.687344205424088983e+01
5.346358329755640426e+01
-1.247757175617062586e+01
-1.170536726247058112e+01
5.849325658612067880e-01
6.757221851846409777e+00
-1.002079372351508511e+02
2.578939243939087334e+01
2.784552247407951597e+00
5.325296404634765501e+00
2.637419223250740075e+01
-3.225710339766399759e+00
9.374881405396273237e+00
-2.351777901036791008e+01
1.163948054331038762e+01
9.052635964101645172e+00
2.262880906959725635e+01
6.992532079262551292e+01
-2.532509206567632631e+01
-1.939791919706889800e+01
2.322158984910771196e+01
-2.562160255642536200e+01
-3.716824551674233845e+01
2.544368103996202279e+01
2.379315002260294243e+00
-6.365001391536472930e+00
1.172235365604912793e+01
1.068382785608948460e+01
-1.934839595782570498e+01
-2.398139580272082938e+01
-6.059348846804954292e+01
6.573092364752734618e+00
-1.050199480625607862e+01
-2.713807526239240886e+01
-3.065267071957150424e+00
-5.262142474856854157e+00
-2.089718088322965173e+01
-4.038576112166118293e+01
4.806461716634238712e+01
5.111898747303440160e+01
6.144860596105844763e+01
-6.002564213282597905e+01
-2.973754296498545457e+01
2.575499857710649820e+01
-5.410140133696699394e+01
-4.692492211748161424e+01
5.381641758157882549e+01
-7.998977059367385323e+01
-1.812749652162184333e+01
-1.186869086647109661e+01
-1.929940924588320783e+01
1.783353705705143000e+01
6.302525800685627289e+00
-1.793416924780285626e+01
2.623243961352599740e+01
-2.512597981357457488e+00
6.599357147381135746e+01
-1.257540000264017834e+02
-3.177820651309737343e+00
6.184349351495238523e+01
-4.287702407569500829e-01
6.590465455721651722e+01
8.189996629130666861e+01
1.323450394580708123e+00
4.038811705951779629e+01
-5.304254388793000885e+01
1.116483008425664138e+02
-1.079426898388424689e+02
-5.466186013984191305e+01
-4.248613456142249056e+00
-1.472216793347101138e+01
-9.468861608832567001e+00
1.987632466332431136e+01
2.050220929241362455e+01
-1.049345266213378203e+01
1.020482691323718250e+01
3.093225691265423549e+01
-5.036966655106550661e+01
-5.504898932414651114e+01
-1.941427553125665995e+01
1.488177846561637629e+01
2.347370407732235265e+01
4.154997129281902346e+01
3.740627238910406760e+01
5.051325804721171409e+01
2.904571535019126571e+01
-1.902306244423374437e+02
1.703323941404542241e+00
9.870666074003198176e+00
2.067252417714647095e+01
2.722372082516250624e-01
1.456333036264052083e+01
8.173308207538582337e+00
8.683677033284912028e+00
1.107290355989843711e+00
-1.794937063045941272e+01
-4.858176112911525024e+01
5.466782208065686888e+01
4.736618125061801265e+01
5.666312485097697760e+01
-8.831466831411102447e+00
6.363017431712319372e+00
1.948351170363772766e+01
-2.685628359579013136e+01
-3.559615507516087973e+01
7.153077945411686400e+00
2.118506414549248120e+02
-2.132177064809462763e+01
5.800922476711757092e+00
1.438151185270025145e+01
-3.230117896855970372e+01
-2.901810486982862614e+01
-4.643756866185796639e+01
-1.118129452555758441e+01
2.171439920273360613e+01
-1.922024586564308279e+01
-1.263294876546398626e+02
-2.641046004915604328e+01
4.742500309569866346e+00
5.245902336070050609e+01
-4.845696239397727112e+01
-2.584173007008152112e+01
-3.997848353236070551e+01
-3.353632659556147200e+00
6.706561745154925980e+00
1.648193776328002258e+01
4.201039808898767092e+01
-3.354517609300279868e-01
4.802791595340179498e+01
1.740914645588919285e+01
-8.502725189773747161e+01
-4.540352465617804256e+01
-2.497433661162670460e-01
1.455469720881411000e+01
4.508115124382874939e+01
-2.515765155971601175e+01
-1.345660341164777094e+02
-1.622093737933392177e+01
6.756764232111285651e+01
2.293169086013640268e+01
-2.599890817545283639e+01
-5.203935832530733308e+01
1.292638292601682970e+01
3.020429959016469112e+01
2.955411086255296738e+01
9.374273022575737357e+00
-1.073603394422035535e+02
7.503278968514197800e+01
-1.150144520475631005e+01
2.007275534884345802e+01
-2.286490791083454965e+01
-9.600605299173489371e+00
1.675256478277670880e+01
1.188001847031266855e+01
-2.183055180050835276e+01
1.878959774998417043e+00
1.938736906545189953e+01
-1.601816211972368933e+02
6.279198034756847235e+00
-5.010541357980719113e+01
3.429308291699840794e+01
5.891190138738131132e+00
-6.444764059470242223e+00
-2.695408966053706123e+01
-5.566043802258816342e+00
-3.223660200368275497e+01
9.107245345216922772e+01
-3.659218954945874458e+01
-3.663741637071360202e+01
-1.842221818507970355e+01
1.196073203954565045e+01
-6.120381812085255113e+00
-2.533643653641400650e+00
4.585802310506768897e+00
3.723252919103479286e+01
-1.834586390335262962e+01
-1.419406904800937923e+02
-6.366015420698299287e+00
-3.659215583422181339e+01
-4.477457884944564626e+01
9.094796168006448411e+00
1.195892903912296568e+01
4.222151676764261197e+01
-2.077845943934457651e+01
2.309069477954306393e+01
-9.230084221352063523e+00
-3.696341489500589006e+01
7.372584278868018259e+01
2.382471077700071760e+01
-4.901609898627346240e+01
-1.254322924997670619e+01
-6.372501838578272348e+00
-3.632860430436908672e+01
7.456842588305428343e+00
8.051831170286897210e-01
-7.322023649362516373e+00
1.566791785405665394e+02
-4.556024785440072122e+01
1.642237391392553425e+00
1.024365517834088557e+01
-5.377076555997262375e+01
6.453653744930243796e+00
-2.421933298280432112e+01
-2.412892090964465552e+01
-2.687896537845375988e+01
5.782419394895951470e+00
1.304383318024760001e+02
1.156922237647029839e+01
5.362993591335331267e+00
-9.772897011041234094e+00
-3.489977643323638290e+01
1.374236412915005801e+01
-8.325334544165080786e+00
6.747014300994623071e+00
-1.325244374712247897e+01
2.525556651940937769e+01
2.231808571272680695e+02
-3.213398573483477794e+00
-4.905750210490805507e+00
-3.004283148322377084e+00
-1.574502875401494784e+01
4.576681716499602715e+01
-4.969858749623289107e+00
1.789381694738103334e+01
-1.040891298534270959e+01
7.269815083132004752e+00
-5.681387013911878370e+01
6.727624468500806643e+01
3.661851799076330849e+01
-4.557197205547581120e+01
4.507672858825314677e+01
2.096488309521135918e+01
-1.068692911767594289e+01
2.286978162655533353e+01
6.826502709036347483e+01
-4.787048068251129251e+01
1.722202382916405838e+02
-4.658682841069246905e+01
-1.333875785125741764e+01
-1.070861845482146713e+01
-7.566165661063709580e-01
3.065583197896137690e+01
-2.136896543358743017e+00
-1.882838046404196319e+01
4.463211421108645993e+01
-1.602731814552804224e+01
1.381291311458867881e+02
-7.565775171254969678e+01
-4.407105657747233174e+00
-5.752099227485955169e+01
-6.075514668325228484e+01
3.569189048859674784e+01
2.473630560339812945e+01
-2.130349979967647300e+01
-1.132269944253912008e+01
1.620554795574449258e+00
3.081360447321379326e+01
-4.869375924566053015e+01
9.144672784438323987e+00
6.358913660774784660e+01
1.274162673136669355e+01
-6.704399848775405246e+01
-1.397484258697020998e+01
-1.121720266357430162e+01
4.893938510922884433e+01
1.034123052669558263e+01
6.067073211938970090e+00
-3.210516371310099970e+01
-7.160974038005900866e+01
-3.321949099541907202e+01
1.052771555937406731e+02
9.260948289510700704e+00
3.046142524146717712e+00
2.781910849008115960e+01
3.206127279446346989e+01
1.571401453991274444e+01
-1.750729526381794354e+00
-6.550301284734294427e+01
6.157954374525730401e+01
7.760010953139904188e+01
5.997230306407660416e-01
-1.879210055139456870e+01
1.163533468583271535e+01
2.889000823279179286e+01
-1.438229352026142571e+01
-1.244714915011372192e+01
1.051783067566589551e+02
-1.221629873442523007e+02
1.222502328073086630e+01
-4.431218656985670634e+01
-4.421410478121362786e+01
1.804686016067463372e+00
8.697111461817705447e+00
1.463341818560488683e+01
-1.825948926263311378e+01
-1.949577791830273910e+01
-8.780191142413305272e+01
-1.424617398896639884e+02
2.609263603779883667e+01
-4.596649366889523236e+01
-2.355796194591168558e+01
1.232571979538587748e+01
1.466292888185730625e+01
2.803274498946751336e+01
-2.588231136348164085e+01
3.847909187969039913e+00
-1.963324936666533063e+02
3.411644979813162593e+01
9.902321313819236082e+00
4.988225865093015443e+01
-8.474214007554740746e+00
-6.866000818896624835e+00
-4.825781780898757312e+00
1.839779318498336380e+01
1.024316533117944061e+01
-3.114260475231887870e+00
-1.750729526381794354e+00
-6.550301284734294427e+01
6.157954374525730401e+01
7.760010953139904188e+01
5.997230306407660416e-01
-1.879210055139456870e+01
1.163533468583271535e+01
2.889000823279179286e+01
-1.438229352026142571e+01
-1.244714915011372192e+01
-1.101872897169025407e+02
6.062740817125140325e+01
-5.811023713495220733e+01
1.493263872147293370e+01
1.478040234068091152e+01
5.998470698700005599e+00
7.092412041257934163e+01
-1.220242792761153972e+01
4.611342991597645380e+01
4.956899103979058197e+00
-1.288868373402839929e+01
7.246679010318834457e+01
-1.190693248317176156e+01
-3.790103090236987526e+01
-1.609181775452797325e+01
2.015007725639625491e+01
-2.598479780370848857e+01
-2.491861268268770502e+01
-8.049036659661689797e+00
6.051929698485570164e+00
-2.200358557323740172e+01
1.924730919216345981e+00
1.583536626684739801e+01
-1.596590479910579319e+01
2.080409178820973892e+01
1.702337463493340408e+01
-1.081217016748767357e+01
1.908583862256986308e+01
-1.789504895477287150e+01
2.004517209330019867e+01
-1.030832890998612328e+01
-1.560521045263669748e+02
6.970497715312234277e+01
-3.329817825815189991e+01
-6.444284227274941657e+01
-1.221095292749161487e+01
-4.884969586769865657e+01
-1.628748197991955804e+00
-9.573219823385400673e+00
-2.699013117558520491e+01
-1.406355352633483164e+02
-2.262823158633148779e+01
9.248501082307512888e+00
7.695503049641084203e+01
-8.456682805214079224e+00
2.492093282337544480e+01
-1.376315392335699883e+01
4.269219803168388339e+00
-8.292894051977659942e+00
-1.500921821961505565e+01
3.765205295371166727e+01
8.305493565689980073e+01
-3.033044046885501110e+00
8.627666297278332763e+01
2.447162746204856631e+00
-8.282824856482612574e+00
6.896646287626504090e+01
4.457507144483102479e+00
-1.487963613909031402e+01
9.916154053107089084e+00
7.594772981287660230e+01
-1.001040207530400892e+02
2.177182110661028247e+01
-5.017122417804583279e+01
4.836611004863441110e+01
2.766565530979291587e+00
4.466907335195644180e+01
-1.028526342993481180e+01
-6.739531085277126188e+00
7.705303845689581266e+00
-1.406355352633483164e+02
-2.262823158633148779e+01
9.248501082307512888e+00
7.695503049641084203e+01
-8.456682805214079224e+00
2.492093282337544480e+01
-1.376315392335699883e+01
4.269219803168388339e+00
-8.292894051977659942e+00
-1.500921821961505565e+01
-6.951789840485078287e+01
-7.892493280616689333e+01
-9.662792778440791608e+01
-3.148475624288597174e+00
2.770143797250436890e+01
9.233476686383086829e+00
-2.417981164971289676e+00
-8.933648271702647747e+00
-1.133296890039185456e+01
2.812055476001360432e+01
1.669613749478833995e+02
-1.064438050008157788e+01
3.845862210430053096e+01
-3.447310443052046480e+00
4.570511473603291108e+01
2.818866534233739074e+01
3.520508409768711289e+01
-4.005233951941020720e+00
2.642668164374809336e+00
-8.428042879464353376e+00
-7.073419091905137179e+01
-1.398484399472032180e+02
2.133907502567676318e+01
5.171174959340567767e+01
1.100521892893727838e+01
2.344500539518407223e+01
2.175251179117855571e+01
3.508541458550345737e+01
-2.348859056067714057e+00
-3.033505803117591881e+01
3.609341400379714315e+01
-4.823235593878507643e+01
5.212461369570783987e+00
4.414816231299057847e+01
3.763863226127151407e+00
-6.070521474082098479e+01
-6.134575632826071967e+01
1.383191751033873551e+01
-4.104957175221394294e+01
-2.343311021709977737e+00
7.984127602896127485e+01
-1.071447385987255387e+02
4.129451707145692296e+01
2.345908011919300051e+01
6.963524276510140965e+01
4.418924012235468934e-01
1.973409614113846189e+01
1.336096820459388468e+01
-3.451051926114941182e+01
3.943455419996674749e+01
-1.258784454864722875e+02
-1.713594903026586280e+01
5.024204641885962985e+01
5.921339700354712932e+01
1.172272331774324883e+01
-5.430001772363374890e+00
5.304390199688673135e+01
-4.739388510014327238e+01
5.577662982670318570e+00
7.735350661247315962e+00
-1.258568142538844370e+02
-1.881896466816223779e+01
-6.222076505470071339e+01
2.940941519854139230e+01
7.884982964113976323e+01
5.615814675554569035e+00
-5.351409885829907509e+00
-6.114776034912993374e+00
2.306746380528898044e+01
-9.032883302776321344e+00
9.320183201931200756e+01
3.064411710956477108e+01
-4.164207059573843850e+01
-1.850655247830140482e+01
2.146103438706096256e+01
1.363260417671356706e+01
3.750220081700282293e+01
-2.438779161901083370e+01
1.368007450854473817e+01
3.162026269968921355e+01
-1.258784454864722875e+02
-1.713594903026586280e+01
5.024204641885962985e+01
5.921339700354712932e+01
1.172272331774324883e+01
-5.430001772363374890e+00
5.304390199688673135e+01
-4.739388510014327238e+01
5.577662982670318570e+00
7.735350661247315962e+00
1.218465941716905121e+02
-6.465014791655309523e+01
-8.711212784897245598e+00
-3.424281718820422871e+00
3.112634151786572900e+01
-3.345155831017638359e+00
-9.551234863078947868e+00
9.356436697252497936e+00
-4.449137701197519057e+00
-6.021740177902422886e+00
7.853315232910793497e+01
2.797974428076636499e+01
6.024920363731554573e+01
7.143615375140297097e+00
2.752710570253837030e+00
5.979454968166838746e+00
8.784221040269775571e+00
-3.264635057007490104e+01
-4.994201732712350150e+01
-1.176564322288762909e+01
-9.478890483054830440e+01
4.591114427097696904e+01
4.491769355230342597e+01
1.510423060807186690e+00
-2.001561571865842026e+01
-1.563150983915522652e+01
-9.965104500735867177e+00
-5.410294409035996566e+00
-1.990267195716171889e-01
-7.484438391809042024e+00
-4.803205945395381349e+01
-1.524731427731959741e+02
1.767586831798182700e+01
-7.153471851014683125e+01
-2.609209327286268376e+01
1.435295587211049906e+01
-8.948049450692373341e+00
-1.069196683896465672e+01
-2.553579645305067558e+01
-7.639459151802828529e+00
1.809779873568737969e+02
9.532582317549881168e+01
4.558870327853978921e+01
6.417219293698231297e+01
5.136670944415136120e+01
-4.493954480411669294e+01
1.378283997162234620e+01
-2.405690018016668930e+01
1.217199119495869297e+01
-4.330419295872668783e+01
-6.951789840485078287e+01
-7.892493280616689333e+01
-9.662792778440791608e+01
-3.148475624288597174e+00
2.770143797250436890e+01
9.233476686383086829e+00
-2.417981164971289676e+00
-8.933648271702647747e+00
-1.133296890039185456e+01
2.812055476001360432e+01
3.081360447321379326e+01
-4.869375924566053015e+01
9.144672784438323987e+00
6.358913660774784660e+01
1.274162673136669355e+01
-6.704399848775405246e+01
-1.397484258697020998e+01
-1.121720266357430162e+01
4.893938510922884433e+01
1.034123052669558263e+01
3.361387258167061276e+01
2.716035549487571288e+01
-6.010957373442266771e+01
-8.599950745824202158e+00
2.016900977852660759e+01
-1.055889268426435379e+01
4.889072791595526013e+01
1.678074674448604142e+01
3.843991579214232246e+01
-2.583899999284427906e+01
1.120216678450349264e+02
6.803773026560008930e+01
4.225668498164460551e+00
-2.260424041106459825e+01
-1.004422968344501399e+01
1.434661018349674499e+01
6.245382753867445125e+00
-2.294515499734269426e+01
-2.826640315520682734e+01
1.187147191996298723e+01
-1.759957878504566793e+02
3.994429752097784281e+00
1.749221461050507642e+01
1.073023766177986715e+01
-1.990428344593149035e+01
-1.492838027725574612e+01
1.450563124241727841e+00
1.736830667262485406e+01
7.912610100171808547e+00
1.792794111058620032e+01
9.845498736535289197e+01
-1.127438514357763069e+02
-2.454224242198975503e+01
5.811448622028501632e+01
-5.536031293913807438e+00
-7.703318834716109009e+00
1.823594799445191583e+01
2.177242815028124667e+01
4.715212803053266732e+00
3.570703659476017577e+01
6.198848066552248959e+00
-6.007916319021588691e+01
1.718741774687073587e+01
-4.372054036264013632e+01
-3.184358118782610347e+01
3.115066271946246079e+00
2.850477660496417087e+01
-5.006621432744833555e+01
-1.311678092532120310e+01
4.465400576390590714e+01
7.111712654332443151e+01
-2.170181803170629919e+01
1.086892239352304834e+01
6.186041867804124905e+00
-1.532839509407646084e+01
-2.325440102076319349e+01
2.177954715168756650e+01
-6.660901395987425033e+00
7.979176242262258967e+00
-4.446380477602967396e+00
-1.513346971183756580e+02
8.870344096997211381e+00
-8.500833281641861916e-01
-8.590580458301444011e+00
2.138820605888952997e+01
-3.684812819030259146e+00
1.313371801241881265e+01
-3.523537303989039771e+01
2.664400301559392670e+00
6.714027072367132476e+00
7.871360428102340734e+01
-1.230766820653626610e+02
7.682331681993542771e-01
-2.910943240627223005e+01
-1.026570725667307649e+01
-4.578031981837716557e+01
-1.560067892224294006e+01
-1.525472556860833961e+01
-2.624703251740181287e+01
-4.524517880611732323e+01
-5.593631769994602365e+01
4.717309503599013709e+01
1.435398764634950552e+01
1.448362521245040213e+01
4.320583114114912249e+00
2.119322978931487356e+01
8.661835933629889794e+00
-3.820525824395180337e+01
-1.397582971438196209e+00
1.476388886875134965e+01
2.057589762790357497e+02
-7.054225608081996945e+00
-3.867205155108101167e+01
1.535716611309686819e+01
-8.344154290305610289e+01
3.286643344622724783e+01
-1.748528604463280800e+01
-8.388236316220890387e+00
2.576870212737912169e+01
-8.070595785609453898e+00
1.771004475110881629e+02
-4.381756890186712639e+01
2.304279122726439866e+00
-1.412854515813305234e+01
7.528183937290703120e+00
1.200016700646287049e+01
-1.574212341201511478e+01
6.968041394236271557e+00
-2.265064273681661522e+00
1.566076328236081139e+01
-2.804137287992411132e+01
3.081594986565791672e+01
-6.456271336304888564e+01
-6.955121100400800671e-01
-8.198098156162721750e+00
6.773053371228965602e+01
1.644590400075245640e+01
-7.177645183688899699e+00
1.118670650185416449e+01
-1.235863459999738012e+00
1.494407338261420364e+02
-4.425824341428018727e+01
-8.244450227468682613e+00
-1.264036167911433317e+01
4.337639284040013621e+01
2.461451639027552574e+01
-8.178353190281431040e+00
9.059105292382184871e+00
8.386001184410845966e+00
-1.660393740766959070e+01
-1.799109817563559091e+02
2.770405871470376269e+01
-4.134069988547320662e+00
2.934897553658185387e+01
1.333691633837588597e+01
-1.627612849699961117e+01
2.192574854583809518e+00
-1.293772680720884694e+01
2.237067606316373158e+01
-1.252297997155396736e+01
-8.007488554582700147e+01
-4.254982058109953869e+01
3.888882795790587465e+01
9.842591168861126727e-01
-9.274832250521319210e+00
-5.181585741254738053e+01
-4.805285232514074245e+00
2.765036365008161567e+01
1.527052335228430735e+01
-8.409940041784651044e+00
-5.746406014618140290e+01
1.435991882362636396e+01
-2.879329062048980248e+01
1.826618505539750359e+01
5.265121293566296856e+01
-1.160100654961375177e+01
-3.391263119616776578e+01
2.323133852484560435e+01
-2.448509862755557620e+01
-6.887578148285379598e+01
1.462778679621811193e+02
-6.033281672709505727e+01
-5.921782935368805312e+01
-3.155961546911302662e+01
-1.718880038005805844e+01
-2.275459696485069117e+01
1.390816219750147198e+01
5.520802144526029132e+00
7.206114016343963868e+00
1.699391086650667049e+01
1.077580196389204019e+02
-2.821080109222068089e+01
-3.912552802246374739e+01
-5.036776378222464601e+00
-5.151529158686661169e+00
5.618977449044701089e+00
1.532489154871068315e+01
4.058762148221281230e+00
6.523782061891975070e-01
1.668522056925174368e+01
-6.988993919822171108e+01
2.362665997551536989e+01
2.793107844411805374e+01
4.202241564486399028e+01
-8.609059729889859680e-01
4.314240798591222159e+01
-6.319423440445896745e+01
-1.897315896628513698e+01
3.124731837158922687e+01
-4.744317741314279857e+00
1.567179007012564682e+02
1.919476597804148810e+01
-4.119665197331287487e+01
-3.429201722191664459e+01
1.695107405298703895e+01
2.095338079918438723e+01
2.066978567260376920e+01
-2.140364526272537304e+01
-8.129744739444412005e+00
2.644180326736312381e+01
-2.043951468296522762e+02
5.527467665865520274e+01
3.993277366526455374e-01
4.455315905270290244e+01
3.537600695226610359e+00
-1.494728512525447606e+01
-1.281394125050527633e+00
1.093037979795209935e+01
1.051552921907135207e+01
9.324277044898334310e+00
-1.455005407918199296e+02
-6.137350059531742374e+01
-4.176618696311805934e+01
-2.328343073688424170e+01
-1.407853289390946294e+01
5.186301420758534420e+01
-1.157469174885959440e+01
-3.314848009893553638e+01
-1.051879334304665470e+01
2.629647897304169035e+01
1.112363751455459919e+02
3.780683916740467509e+01
2.785856532530354457e+01
3.176671325980305660e+00
-5.990632193545791040e+01
-2.777871413243698129e+01
-1.641919695866333484e+01
1.530146105332717532e+01
8.242826304770979107e+00
-1.142846882883395843e+01
-2.683129441173666763e+01
-1.168410153071075825e+02
-8.810620852904419564e+01
5.910594531044054634e+01
2.513043942078529369e+01
2.202648438006546172e+01
-4.393299024080577375e+00
3.532539535532828978e+01
3.064758204226707505e+01
7.199623422255508665e+00
1.196926388565065622e+02
2.122007309943630915e+01
2.104389085466951315e+01
1.958998496378886145e+01
5.845880683978606385e+01
6.087491420178462675e+01
-4.941626382490384373e+01
-4.556356455515116011e+01
-6.596268791803736598e+00
-2.336630974005854000e+01
1.119684383437039514e+02
2.821209125786521454e+01
1.428535735563510656e+01
-1.939340818325952753e+01
1.156306959018334446e+01
-1.673102432571377562e+01
-1.068966138118036291e+01
2.103926646086165064e+01
-3.667557920177285524e+01
-5.219963693186077336e+00
-4.171729551487291587e+01
-6.566389880614806884e+01
-5.643056498054775716e+00
-5.456064255361058457e+01
1.562811482974875510e+01
-1.337125243692341492e+01
8.581103125834438350e-01
6.985658662672370234e+00
-9.261255511720863254e+00
-1.935455990613269561e+00
1.179086863665937415e+02
8.327282416709577717e+01
-4.860943389248640756e+01
-7.068382203558498134e+01
1.768774242026722732e+01
2.135226641705372685e+01
-8.124675141543399093e+00
-8.921480376332938889e+00
-2.419036062410948063e+01
-1.871463042865437387e+01
1.466662853380468903e+02
9.600647759158835726e+00
-1.602452669292791620e+00
3.994915306789875720e-01
-1.363741494848163249e+01
9.920603159215875877e+00
-2.677442640187485168e+01
-2.294790268338536166e+01
-1.032777251444302813e+01
-6.496777007278807803e-01
-7.049779166425689425e+01
-5.611068323425160997e+01
2.244270118100366140e+00
3.691659017846537161e+00
1.368948674249873854e+01
-1.568587307321462809e+01
-2.734175854077838963e+01
-4.144149131574084777e+01
-3.238266316018052038e+00
-5.076131509110437534e+00
8.607631130068800474e+01
-1.250658381893842197e+01
1.668026115393353770e+00
-5.706064980043193735e+00
2.707784196641357610e+00
-4.710530839508237477e+00
1.255716928689309775e+01
-6.907501386806545796e+00
1.907301870241584751e+01
-2.027987662567037219e+01
-6.326130935202185057e+00
4.210402164878913567e+01
1.200094017138799884e+01
-2.879381593875792733e-01
1.828265560687297153e+01
9.375150576618436205e+00
8.537410213175869345e+00
1.068071402896338107e+01
-2.732920443226402440e+01
-3.114725249498984994e+00
7.437707692963394379e+01
6.043529635159384839e+01
-1.555966455958454198e+01
-8.360353907125476880e+00
-3.442148352401165567e+01
1.416161684482626271e+01
-1.138214637240268345e+01
1.890913068893342341e+01
6.240894480124978827e+00
-1.799934089938891191e+01
-1.421455054104411033e+02
-3.656609013880971304e+01
3.492905158343454275e+01
-4.952806453196306791e+01
-1.971204629053161028e+01
2.514666343025462325e+00
1.175742837392712126e+01
5.280671050301147140e+00
4.934402309906799289e+00
8.048534940676253413e+00
-1.334777477324288775e+01
-7.234037396617503646e+01
-2.178048742144328287e+01
-7.081722198015494740e+00
3.530426112548420292e+01
-7.687895853109121447e+01
-2.262110087233870814e+01
-3.771896681528949813e+01
-2.554276673264579500e+01
-8.310934936710559384e+00
4.282590216763290414e+01
-3.041588996596601646e+01
9.445894093949382508e+00
2.187614510455977523e+01
2.484708320208328658e+01
6.026122772848329312e+00
4.665518575319149264e+00
2.172297368182718103e+01
-3.930595006881032472e+00
5.840785749031216945e+00
1.058305800311819098e+02
2.564598464160270197e+01
2.287059238289981877e+01
1.801246065824621567e+01
-1.180992269944628070e+01
-2.779940952306797186e+01
-2.171633156719446234e+01
6.201242251008563855e+00
-1.267774422419250424e+00
6.873632549499748556e+00
1.698266124723182315e+02
6.374356943382456286e+00
1.666352943785985019e+01
-5.571599724127547226e+00
-8.792773176593106754e+00
1.263510886636403896e+01
2.587900177830197990e+00
3.276712510529409883e+01
8.187596726460739660e+00
-5.977909923070503062e+00
-9.178621037980042274e+01
-1.162862728423169045e+02
1.848819513560891892e+01
-1.092929057470595033e+01
1.437211515692112229e+01
-6.341363708042775826e+00
-5.715777504483461335e-01
2.337278163468448255e+01
-1.568534050179023609e+01
-4.576314847602286129e+00
-4.892415693563503254e+01
-9.324379319609430183e+01
-5.721456015307464504e+00
-7.603284677675617331e+01
3.455656033036073183e+01
-7.415314143581812623e+00
-2.619103268581817545e+01
-3.079519218773297951e+01
2.091796761845445829e+01
-2.522966520687511149e+01
8.908146874443416152e+01
-4.168308165940740651e+01
-2.326676526899910336e+00
1.392584887489233125e+01
-2.199629054306079468e+01
7.337296761330002859e+00
-2.387519780923827550e+00
6.781389631318803346e+00
9.314957583859268198e+00
-2.692301717910376535e+00
1.673240757380880268e+02
1.847972192197335550e+00
-1.294713734924915483e-02
6.680042329706410875e+00
1.968722901161773109e+01
-2.208326978481267844e+01
-1.970188456586450032e+00
-2.568520878319424838e+01
-1.566890167987224558e+01
-2.374484078950698240e+00
-5.879280861662893543e+00
-2.460989420343117118e+01
6.727806936534292959e+01
8.013731504171090592e+00
-2.579032142552905071e+01
-2.037857206138488309e+01
-6.299690288358969070e+01
1.906334796297345235e+01
5.191588833598539310e+01
3.184492373830861567e+01
-1.708613595399936003e+02
-8.343842110851342753e+00
6.394864916222422835e+01
-4.540237108091454843e+01
1.138520258336796864e+01
-2.708647994893809496e+01
2.625336093853469421e+01
2.877985398713305543e+01
1.965202723662380890e+01
2.141864823825899578e+01
-6.378047417751446346e+01
-6.539511845620516794e+01
-1.190592335998266016e+01
3.592230572710609238e+01
-2.378001613710359408e+01
-3.120299106080091178e+01
-3.501164658861446810e+01
2.466489649592705646e+01
-2.763139091212465104e+01
1.654408646591738474e+01
7.853909997278437061e+01
1.613471759378447601e+01
7.893190027108248685e+00
2.293020624664712770e+01
2.513082536630807695e+01
-4.600209475839368878e+01
3.116663554138171932e+01
-1.073693910959411646e+01
1.467780007916064999e+00
-3.907117249765515510e+01
1.649469352637197233e+02
-5.314754663423789793e+01
-1.030013292425121385e+01
-9.117037561666800016e+00
-2.080280699328063321e+01
-1.612998327904937312e+01
-2.097439896543351168e+01
-6.236287270403210847e+00
1.598347257111065178e-01
-3.152344813379375665e+00
8.185174025239275863e+01
3.542192095111196704e+00
2.790255059130688498e+00
-1.252000632976293204e+01
-3.073118705995377553e+01
-1.944760676972298796e+01
2.331290564432637424e+01
1.327311727198443414e+01
-2.134690155381699039e+00
-3.383285397081264279e+01
-1.809039073414989502e+02
-1.192606526502191677e+00
2.284834642642546498e+01
-1.109709737538774377e+01
-9.455659138314363332e+00
-5.065207773570199024e+00
-6.087607114452480594e+00
8.429127642011103205e+00
1.278410379577707701e-01
-1.351970677615179195e+00
1.568456011593666233e+02
5.070502277821540105e+01
1.762637401726019348e+01
-3.419187828462723733e+00
2.452581997989668139e+01
-8.513989262688744120e+00
-1.790420075612604744e+00
-6.099786132568534747e+00
6.285778192108381290e+00
3.086948937029971418e+00
9.623160335018518197e+01
2.554385827853444724e+01
7.749135132103239787e-01
2.642002932287196870e+01
1.288582565826123849e+00
-1.149194491441259913e+01
2.575369422885290249e-01
-2.306098287384574874e+01
-1.076167455099218628e+01
-1.238121371685395999e+01
-1.635818116355861207e+01
7.149355549701886048e+01
-2.273158822894905740e+01
1.166305600168307421e+01
-3.761866102919232624e+00
3.311088341654283340e+01
2.562237228650094423e+01
3.707289859732113335e+00
-6.521181712465304869e+00
2.149874135651005602e+01
1.956554300690976049e+02
-1.377595154468637872e+01
-1.251349738998751349e+01
2.622085633946127814e+01
-4.053768765139726393e-01
-7.759539595556558922e+00
3.163870311033254445e+00
-1.585934084719723636e+01
-7.601768056919505412e+00
-1.914576466921062803e+01
5.259623319607005953e+01
-3.122787417484734362e+01
-3.608793784020844697e+01
3.564743111053846292e+01
-5.269731980613058653e+01
4.061182743135088202e+00
-1.154904415326546108e+01
-2.456671810373852693e+01
-2.016975254500714687e+00
2.579246898607572902e+01
1.123703573309758923e+02
-3.322577220546124721e+01
-1.815240737129373505e+00
-3.443550426764174777e+00
-1.791995863195197458e+01
1.731543280349551139e+01
1.921222269005664884e+01
1.602811659293008972e+01
-3.819200303374393091e+00
2.192058558529566881e+00
7.853909997278437061e+01
1.613471759378447601e+01
7.893190027108248685e+00
2.293020624664712770e+01
2.513082536630807695e+01
-4.600209475839368878e+01
3.116663554138171932e+01
-1.073693910959411646e+01
1.467780007916064999e+00
-3.907117249765515510e+01
8.185174025239275863e+01
3.542192095111196704e+00
2.790255059130688498e+00
-1.252000632976293204e+01
-3.073118705995377553e+01
-1.944760676972298796e+01
2.331290564432637424e+01
1.327311727198443414e+01
-2.134690155381699039e+00
-3.383285397081264279e+01
1.539758309995998502e+02
-3.351377999079588221e+00
-2.703502348616789774e+01
-4.345288608199695801e+01
2.564633822848754718e+01
9.643106458260797709e+00
1.455981316510467316e+01
7.898903304959904226e+00
-1.067721338634959105e+00
2.369189895126695333e+01
3.203549410658899177e+01
-5.432670422901874474e+01
-1.479153958490493137e+00
-6.513054480535204505e+01
6.672702847608610455e+01
-1.320083797606907439e+01
-1.777641117507782553e+01
4.659234680288472319e+00
2.095836359852009423e+01
-3.002589114351731148e+00
-1.121984305753383637e+02
-7.997921207147432199e+01
1.906775136720338182e+01
-2.595456133977754476e+01
-7.763579928655629736e+00
-1.728373646584388412e+00
5.162125554004100891e+00
-5.435080691511363860e+00
1.023775135220647975e-01
2.950319917522945090e+00
1.219701799445583674e+02
-1.570859731520152103e+01
1.462357139111188076e+01
-2.264431107927209652e+01
-2.457644706877383012e+00
-2.039949805051711706e+01
-1.550400189002923135e+01
1.316406080082377095e+01
-1.432871672763859117e+01
2.144198062614993461e+01
2.532945904740859433e+01
1.817603007067413046e+01
1.630130941624629681e+00
-2.698023310905866978e+01
-3.060760222388400464e+01
-8.534268331646421402e+00
3.067202340852017173e+01
7.008715893161721944e+00
-4.470893246834821610e+01
3.453977232558628430e+00
1.193193268991813625e+02
4.073864617029594903e+00
-7.593903391793294100e-01
-8.166634212846508589e+00
2.611947795672419659e+01
-1.010625107099895814e+01
-1.336600002817022670e+01
-2.266957290343053089e+01
-8.433902224266558889e+00
-1.246945506319193697e+01
-1.703724814727766557e+02
-2.304109718915282556e+01
9.142144362741442265e+00
1.548037972071142931e+01
-2.412354380293394218e+00
2.508537740804838378e+01
1.886198816888274266e+01
4.271267943428874503e+00
-7.590124757876883788e-01
-8.338274794379742616e+00
-7.166636468353054568e+01
-1.163179116262455892e+02
5.410146941578444313e+01
-1.598795325393304800e+01
5.231241099221522717e+01
-2.817508866496122977e+01
2.549244650837641402e+01
5.842467293516865334e-01
7.237593588162221536e+00
-3.700598559949727928e+01
1.771603411464738826e+02
2.355635552045250591e+01
1.969132289955376791e+01
1.910192950129775014e+01
-4.620724255841966333e+00
-3.173582449684396778e+01
4.377685055900564670e+00
1.642864262963871225e-01
-2.855825672935193182e+00
-2.424839838069728870e+01
-7.423976197992516290e+01
-9.362140593722567417e+01
2.068419724518631497e+01
-2.764860644815657409e+01
8.585584882759423664e+00
-3.059200019015583649e+01
2.452733763117201704e+00
-1.414436441634099317e+00
-9.650296106853074818e+00
-1.024979062689689080e+01
1.399932248466563465e+02
2.098898944818538936e+01
-2.621458096039276242e+01
2.459756439648440818e+01
2.131951565257473646e+01
-1.069832507039969727e+01
-2.975945165986308538e+01
-4.611442168777670325e+00
1.209354119175940490e+01
-1.599519991036175481e+00
7.670940058165074049e+01
-8.040842733949865817e+00
-5.808375337210602396e+00
1.193926776818554814e+01
2.231741891782772935e+00
-3.210609675077965619e+01
-7.292085667994425258e+00
1.450885255589982270e+00
-3.026958498132377606e+00
-1.738278398913795098e+00
7.551174819462802645e+01
-1.114605870380836983e+01
-8.533317883931390568e+00
2.838366657745021016e+01
1.801154430590557709e+01
-7.907616358891129238e+00
3.764284279490710361e+01
-3.092005972519066503e+01
9.052724401335904503e+00
-1.376839814422689656e+01
1.087088238195043743e+02
-2.576722487707780829e+01
-2.491468370435801205e+01
-1.070103402719769470e+01
-8.628005472560598577e+00
2.539364510595882862e+01
8.857086688459666846e+00
-6.767201982139677163e+00
1.065692867714924574e+01
-9.722841763331029341e+00
8.697022715089612177e+01
1.151262717272282288e+01
-2.068995353200418919e+01
3.779073059749304520e+01
1.068380379245516920e+01
-7.104154620011239096e+00
-2.119488175095008842e+01
-5.768880305903724093e+01
1.441271512680381761e+01
-4.105987342526049133e+00
4.096771070753640487e+01
1.993084759378594084e+00
4.997984263183140996e+01
-1.351650193860185567e+01
2.969482422887081441e+01
-9.821594309596022754e+00
2.926509757175074355e+01
1.465963984239123263e+01
1.956049898248522467e+01
-2.473563135252707568e+01
1.239516113288653969e+02
6.754186717195932665e+00
2.148429942152361605e+01
6.359085024872869241e+01
-3.408303645733982368e+00
5.140485307704508244e+01
-4.276232842316507288e+01
3.428590602014534916e+00
-5.525471224496342160e+01
6.134520070873497488e+00
1.870407280882799625e+02
-3.444151826558810825e+01
-7.019353163810513330e+00
1.091374711628842675e+01
1.884609814674115569e+01
-8.777508162250523327e+00
4.328508233174754416e+00
-1.156979333965945678e+01
1.006109032581740870e+01
-9.233679682769626140e+00
1.216775362621376502e+02
-7.258500625988843069e+01
3.949141231877954628e+00
2.216855883235201663e+00
-4.247073220939061144e+01
1.965196272612920181e+00
-1.682999813924293164e+01
-1.286983929265635540e+00
-3.700743283974109232e+01
-1.129300502009844998e+01
4.282590216763290414e+01
-3.041588996596601646e+01
9.445894093949382508e+00
2.187614510455977523e+01
2.484708320208328658e+01
6.026122772848329312e+00
4.665518575319149264e+00
2.172297368182718103e+01
-3.930595006881032472e+00
5.840785749031216945e+00
-1.239617644363914337e+02
-4.938377144775736127e+01
-9.119590753813163531e+00
2.489350362474847955e+01
7.049807760271432855e+00
5.614191177011763401e+00
-1.195211539251522659e+01
2.423320926216761961e+01
1.032901944943592376e+01
2.128000405566820064e+01
8.345337219672319407e+01
1.786938474371738295e+01
-2.342273857502351841e+00
-4.346320441738463991e+00
8.944561970045818100e+00
5.972386886159433139e+00
4.056128238290218846e+00
-2.676812251711338519e-02
-1.907897057182719180e+01
1.803558134989840411e+01
3.273026843115191298e+01
-1.512867955457206293e+01
-7.737673111607469423e+01
4.814826373478656052e+01
-5.666244864460689712e+01
-2.662930442974911216e+01
4.541725471452330254e+01
-1.631556858249488684e+01
1.353700828768054443e+01
-2.099899757037043102e+01
1.193193268991813625e+02
4.073864617029594903e+00
-7.593903391793294100e-01
-8.166634212846508589e+00
2.611947795672419659e+01
-1.010625107099895814e+01
-1.336600002817022670e+01
-2.266957290343053089e+01
-8.433902224266558889e+00
-1.246945506319193697e+01
1.219701799445583674e+02
-1.570859731520152103e+01
1.462357139111188076e+01
-2.264431107927209652e+01
-2.457644706877383012e+00
-2.039949805051711706e+01
-1.550400189002923135e+01
1.316406080082377095e+01
-1.432871672763859117e+01
2.144198062614993461e+01
7.670940058165074049e+01
-8.040842733949865817e+00
-5.808375337210602396e+00
1.193926776818554814e+01
2.231741891782772935e+00
-3.210609675077965619e+01
-7.292085667994425258e+00
1.450885255589982270e+00
-3.026958498132377606e+00
-1.738278398913795098e+00
1.279841053487204334e+02
-2.466603348785167071e+00
1.729750377674710293e+01
1.598299232421094374e+01
-6.096768978385006754e+00
-4.267069407113141466e+01
1.200907129073385171e+01
9.021209004694275890e+00
4.564818914307312347e+00
2.770315162608356196e+00
1.771603411464738826e+02
2.355635552045250591e+01
1.969132289955376791e+01
1.910192950129775014e+01
-4.620724255841966333e+00
-3.173582449684396778e+01
4.377685055900564670e+00
1.642864262963871225e-01
-2.855825672935193182e+00
-2.424839838069728870e+01
8.717060330517215050e+01
4.310921231856210767e+01
-3.789265810695722791e+01
-1.059104167968285459e+01
-1.309673861343883949e+01
1.864359955600960017e+00
-9.138331237086669390e+00
1.948495186295158987e+01
-4.955848316280410337e+00
1.675039412841653430e+01
4.096771070753640487e+01
1.993084759378594084e+00
4.997984263183140996e+01
-1.351650193860185212e+01
2.969482422887081441e+01
-9.821594309596017425e+00
2.926509757175074711e+01
1.465963984239123263e+01
1.956049898248522467e+01
-2.473563135252707923e+01
9.810826208042132635e+01
-2.878459109285961404e+01
-2.802796827150817904e+01
-3.550034168595318107e+01
-9.581406904118441048e+01
-1.681801867675010342e+01
5.316254715145280585e+00
1.034734140358352228e+01
2.901258069115490112e+00
7.306324283842795531e+00
5.705356535304559173e+01
4.722749214323609834e+01
-2.145821664490207681e+01
3.040943477709992848e+01
8.029958466219021318e+00
-1.421716180505860549e+01
-1.603723482460617689e+01
-3.292765756193453797e+01
4.441991736136627900e+00
-1.705411228300753734e+01
7.551174819462802645e+01
-1.114605870380836983e+01
-8.533317883931390568e+00
2.838366657745021016e+01
1.801154430590557709e+01
-7.907616358891129238e+00
3.764284279490710361e+01
-3.092005972519066503e+01
9.052724401335904503e+00
-1.376839814422689656e+01
1.310606662844922710e+02
5.685969422460426870e+01
6.041963200733324868e+01
-2.488277250189708312e+01
2.067178238136514778e+01
2.899836524930587700e+01
-6.941140388265669969e+01
-4.293410661502729653e+01
3.263334648664200088e+00
3.088722268678122873e+01
-4.927536377130262224e+01
6.939189069306515023e+01
-5.276158497659562130e+01
-1.510055348269610676e+01
2.579636933132795207e+01
-1.281268596176558638e+00
2.225520625496887206e+01
-1.462100873287987568e+01
1.257990047479327522e+01
3.771717127482690501e-01
2.125713268650686416e+02
-5.387751683199775243e+01
1.546454331419254657e+01
1.848659496801150048e+00
1.260906156246908438e-01
1.870939839648611169e+01
6.699348549032881017e+00
1.622822887837249084e+01
3.546253111423853799e-01
9.023087714723507347e+00
-1.613099448747842501e+01
-1.197720984436302984e+02
-5.872710172375063209e+00
5.904077335592853970e+00
5.813917222186373834e+01
-3.041198332561290485e+01
-5.758204982870471778e-01
-1.213562121273868399e+01
2.431329528223643166e+01
-1.241242111958427330e+01
1.130787201612765642e+02
-1.070526367398503531e+01
-5.006230969224732874e+00
-7.484270517087357355e+00
-7.386864652084243588e+00
3.172655279802429451e+00
2.110615931296598635e+00
-5.006969774360448433e+00
-1.160277361452452638e+00
-1.206976521443171135e+00
9.036042530803614170e+01
-1.505986680750662110e+01
-1.238502840690286533e+01
2.695180536153582196e+01
-3.725715054269301874e+01
-3.129094631805501514e+00
-3.290162456722178064e+01
4.161469676404460749e+00
1.786448557857393382e+01
8.219678809297755961e+00
1.357488633225096208e+01
-1.081119069262265384e+02
-2.717743406796085637e+01
5.731123410605304613e+00
7.110203912493604150e+01
-3.980758233219754771e+01
-4.580948015455531674e+01
-4.613663581457128515e+01
9.258326936593293865e+00
-5.383183347940975416e+00
1.269895223136966962e+02
1.304992846001507267e+01
-1.590920488612572647e+01
2.725864182217973664e+01
-5.493355856453407071e+00
-4.083467338606116925e+01
4.192648375195259014e+00
4.763233873586102396e-01
8.902847006016560982e+00
-1.243769937721963892e+01
1.154423604033080579e+02
-1.660385918970039754e+01
-1.318516939117111697e+01
1.114440868114748540e+01
7.549706507953044543e+00
1.906186227313105164e+01
1.982409723740937935e+01
9.833781141192494246e+00
3.264641985861109763e+00
-1.079849474180707425e+01
-1.685332836673651968e+02
-5.455556580065963601e+01
2.098161874826238105e+01
-1.652270860687597676e+01
-1.345968333222225688e+01
2.931735558833707600e+01
1.080922449050726364e+01
3.961711303607550860e+01
-5.242026655310297656e+00
-6.841574735334313040e+00
7.657170120646257772e+01
4.425443893113149585e+01
4.532081882137884321e+01
1.915829163578303351e+01
6.664976829325053131e+01
2.238834674077399001e+01
-1.646027855730344669e+01
3.025067499591986930e+01
2.098825180812527691e+01
1.838455395440151463e+01
5.617971586898029557e+01
-2.386647759549193992e+01
-7.756952605027985115e+00
1.243635624042326171e+01
5.667838922043363681e+01
-5.317639465913656949e+01
3.742682924150313539e+01
-1.777426000851973953e+01
-3.681492264546855520e+00
1.144445171215870971e+01
1.712439838813269546e+02
7.631400289223397415e+00
-4.449136485605080793e+01
-4.315705505120830310e+01
3.807054337494799512e+01
-3.682565514690230746e+00
3.966217941166083705e+01
-2.103857307561338175e+01
-1.644872094466000334e+01
1.542800856541351706e+01
8.026884754528173005e+01
3.911932079035936027e+01
2.794581666359178818e-01
-6.105555561822001209e+01
2.610796575142588694e+01
-2.996990760652958130e+01
5.241644551550732167e+00
-3.955694930788573060e+01
1.702103896230651614e+01
-7.632254419534661771e+00
8.562186399027631012e+01
4.267732489857918665e+01
-7.021679810799126642e+01
-3.060366858719374861e+01
1.361023564405256536e+01
3.287016580360283058e+01
2.396830419331588757e+01
3.631944603944704397e+01
-1.335559277125013899e+01
-1.096181366626952958e+01
1.987213134978357232e+01
-9.511927718237714657e+01
-6.273886120681094525e+01
-5.077707382752176812e+00
-2.098767997151625053e+01
1.017340162008192195e+01
4.200056294843430038e+01
-1.376746537573999696e+01
7.684054820704631084e+00
-1.044064012789955420e+01
1.213048903556573919e+02
4.844920293123593069e+00
2.011674851274769527e+00
4.515116637709370551e+00
1.501617333017692779e+01
-5.191602425879016991e+00
-2.523595992331669535e+00
6.827264506290017465e+00
-1.844097042994922475e+01
-1.264197021234662621e+01
-1.662135593142315599e+02
-5.349164312180135283e+01
2.061342088413962870e+01
-1.474610628958512315e+01
-1.006367140719357423e+01
2.193810617462079193e+01
9.741737921691875357e+00
3.676565776977957967e+01
-6.352755760494796178e+00
-1.119438962649349989e+01
1.172700872179285767e+02
5.158783615681759471e+01
-1.291732656892740749e+01
3.417449567567749824e+01
2.379452340554940193e+01
2.393229739214762475e+01
-5.112602383988951971e+01
-4.404397436763707674e+01
8.829417200006544064e-01
-1.166814015009132399e+00
2.224104069196723685e+02
3.677308145187090815e+01
-8.125758278248696342e+01
1.692173182720016911e+01
3.536650620302273751e+01
1.602458650159473663e+01
-3.924384500188175906e+01
-2.692525248838033392e+01
-1.708725684151654534e+01
-1.416816569885332733e+01
8.012087729335176789e+01
1.015444570870057994e+01
-5.424986102985651115e+01
3.239612159420000381e+01
-5.299703507194928420e+01
-5.308184053532897195e+01
2.629241276427748630e+01
1.351167066717292720e+01
-7.472251980219311918e+00
4.016215292819894089e-02
1.622042887476855242e+02
-3.190630124719955063e+01
3.628554456055219646e+01
5.185394721853943167e+01
9.547959088468045863e+00
6.621509391862866245e+00
3.196842537246959282e+01
1.650786570763330019e+01
1.181785361233049159e+01
1.207809233981565811e+01
6.311751333555822185e+01
-9.153869406147377319e+00
5.839604200705224457e+00
-2.156873334527422514e+01
4.264299262975337967e+01
8.445470573644769274e+00
4.651038371583820208e+01
-1.413584788694377892e+01
2.798950800386782944e+01
-4.346526917998538408e+00
-1.169084196232710937e+01
-2.248155506418685334e+01
1.745889270300755314e+01
-8.465540517129350917e+01
-5.388978322659262687e+00
-9.632312148974135624e-02
1.343563543583982067e+01
-9.597968886152379753e+00
-5.284456057224989678e+00
9.129704065597085139e-01
2.656266353487887866e+00
8.000263414952389240e+00
8.375488119928313324e+01
2.449235656039121167e+01
-1.140105260328665615e+01
2.215646605031585281e+01
2.822779340623839772e+01
-1.919997957009925926e+01
-5.397299550988253536e+00
2.015163262576302738e+00
-1.017887049833121971e+01
-2.085226740939025447e+01
2.162470632131889303e+01
-1.314225110902598814e+01
5.425373004134004873e+01
4.433499680524810316e+01
-4.160607588727277317e+01
-3.546858553359085064e+00
3.256147104427342676e+00
1.270337564381354589e+01
1.506189046814823485e+02
-6.830593063441571644e+01
2.915341350219641114e+01
8.861435072591770989e+00
2.399996000759903048e+00
-1.574251860514550927e+01
2.484025529685502498e+00
-8.560283198974714125e+00
-2.092542589492077809e+01
1.178538438108414077e+01
-1.173995849151918236e+01
-8.732458300239811422e+01
8.923850159997084575e+01
-2.471306595033203735e+01
-1.637283978525987038e+01
2.201848425564070055e+01
-2.161719858105252356e+01
-2.509073533270849055e+01
-1.213830100153552749e+01
1.861000644333939746e+01
1.303941795019275141e+01
-3.872198014440568414e+01
1.181896477717270777e+01
1.451588783725654430e+01
3.421760552024421287e+01
2.234396884518604764e+01
-1.421087797789305007e+01
6.568098477941417990e+00
-4.861836927277427556e+00
-1.010330640150078807e+01
2.502559501006158982e+01
2.588006389106082139e+01
7.826306056172701808e+00
-4.025855346638201127e+01
2.641444510910150356e+01
3.863382061391975242e+01
9.285655349429905669e+00
-1.746004245436400382e+01
1.014013160222401871e-01
7.342791031208646402e+00
-1.738585679103164807e+02
-2.707529120123297872e+01
4.327410643860775785e+00
-2.991791005389548985e+01
1.884501575916796767e+01
4.060073154569550091e+00
-3.198498711886394119e+00
4.296196311149534353e+01
-1.263200468552931355e+01
2.380085668837378599e+00
8.877815012811356610e+01
8.283317775512210801e+01
-8.620362132733676219e+01
-9.444381616186798567e+01
7.162741230587292307e+01
2.029528143314387023e+01
-4.698149991811254722e+01
-5.168834992848506893e+00
-8.309669252339295653e+00
-1.543512127727781902e+01
-8.698779500278963894e+01
-2.542555242283133765e+01
1.457326619014289015e+01
-7.121547487968837231e+01
-3.235933279655439065e+01
-1.237128429139257690e+01
4.057120012565157974e-01
4.709365316475422780e+00
2.448444336571265723e+01
-4.488723952320575528e+00
-2.915264148631441543e+01
-6.326397886522608616e+01
-1.668130623697505399e+01
-4.205583825252926289e+01
-2.457072305509913335e+01
-1.435057039292986047e+01
8.057867969315255507e+00
1.861973270981037132e+01
2.139149415476444105e+01
3.954462454601740617e+00
3.071910319374981668e+01
-6.826565787249743167e+00
1.063299403629680207e+01
-3.762303823274632464e+01
3.557089430792134976e+01
9.882335093515463242e+00
-5.657484995670441386e+00
2.616260098501641451e+01
2.131292775375356285e+01
1.815358539901640000e+01
-1.111231828646022564e+02
-7.837526812264380283e+01
-9.415866787940876392e+00
1.321556640517432157e+01
-2.442045265975532686e+01
8.470852825335333236e+00
-7.321439454429375937e-01
1.554272168662417908e+00
-1.812783130590787195e+01
-2.903653165620228460e+00
-1.164957231207681190e+02
-2.585350634339751963e+01
6.830405089343017266e+01
-4.920907574294967191e+01
-2.463207890173805126e+01
-2.169147086155097526e+01
2.424514652449117591e+01
8.162220902051810612e+00
3.142098945590356252e+01
3.523269256928489312e+01
4.562726824619363697e+01
-4.166531244671986656e+01
2.389332669209922599e+01
-1.081639738240308124e-01
4.365736598664634727e+01
1.621987338777283583e+01
-1.594916051024069326e+01
-3.029898260397746057e+01
-2.371767049119068993e+00
2.323133563988286454e+01
-3.647577706084231863e+01
-1.100662822908126159e+01
2.979489125973574559e+01
-2.810885676361659691e+01
-4.134094457236281883e+00
5.997615394840325465e+00
-2.805586546365346123e+01
4.719499232204252159e+00
1.180301545310776845e+01
-3.230254488998181017e+00
-8.677535328947659821e+01
-9.400697738534094583e+01
4.071238239406645221e+01
-4.685870334246409641e+00
1.914908243397778165e+01
-1.161085619973305150e+01
-2.396521104942552327e+00
1.793037255376635031e+01
4.062994006521269519e+00
-1.333687920189601606e+01
-5.178812398166818376e+00
-1.518125002606001672e+01
-1.228961943465571593e+01
-3.066187887526479372e+01
-4.759567726083194117e+01
-3.334123745212187373e+01
-4.910031863011181485e+01
-1.224671888364092887e+01
1.507356369090152626e+01
1.726495028942432697e+01
2.986194617271715401e+01
5.602902911481717751e+01
2.313859454220236245e+01
3.573438016881105028e+01
3.204403278892645801e+01
8.666292909070979533e+01
-3.598134727891066831e+01
2.793877022206793903e+00
1.457551543210601785e+01
1.880854866646137324e+01
-1.134717000448409010e+02
3.617411845186775565e+01
2.052413404642977213e+01
-6.458035312451883669e+01
-2.242036281917568630e+01
-2.180818758399419366e+01
4.751944647251587495e-01
-1.054363479473807175e+01
1.844135816920757165e+01
7.842813754331555920e+00
4.562726824619363697e+01
-4.166531244671986656e+01
2.389332669209922599e+01
-1.081639738240308124e-01
4.365736598664634727e+01
1.621987338777283583e+01
-1.594916051024069326e+01
-3.029898260397746057e+01
-2.371767049119068993e+00
2.323133563988286454e+01
-5.178812398166818376e+00
-1.518125002606001672e+01
-1.228961943465571593e+01
-3.066187887526479372e+01
-4.759567726083194117e+01
-3.334123745212187373e+01
-4.910031863011181485e+01
-1.224671888364092887e+01
1.507356369090152626e+01
1.726495028942432697e+01
2.029599252680386599e+02
-3.762594870242426737e+01
-2.454519906314966349e+01
-1.588400047419904304e+01
-2.040288472651356955e+01
2.054294064968783928e+01
1.746700085472077291e+01
8.448677149033478884e+00
-4.668055219200298644e+00
1.314115113798260559e+01
6.651328477918967508e+01
-8.984612145384190285e+00
-1.405921126520432196e+01
1.133272689608047834e+00
-1.299661836769409007e+01
6.129423201123125331e-01
1.825468014479789147e+01
-6.461632489666779833e+00
-7.443881101215350959e+00
-7.110794779237528118e+00
1.542282206195260699e+02
-1.639151463776433459e+01
8.237677176242703680e+00
2.295036508828371780e+01
3.439245909124402800e+01
-1.607466592457323529e+01
-4.635028978595316040e+00
5.748221879221355124e+01
-1.068732829214025415e+01
1.376555049975919598e+00
8.979305232499670808e+01
2.012413777755277522e+00
2.616281682789030327e+01
-8.015471081682886023e+00
-4.140467887465037222e+01
-1.005485107703061232e+01
5.918559169282898047e+00
2.564409515114909510e+01
-7.388275934965340852e+00
-3.839159232602442984e+01
4.805529190571235176e+01
-4.178313126779610798e+01
3.778257825455781926e+01
3.786178353708290700e+01
3.326597014454186763e+01
7.837018717244276900e+01
-7.091418571181669961e+01
1.396648849200648890e+01
3.720288212334431677e+01
4.801566385622844102e+00
1.394971027940275405e+02
-1.735600258861200018e+01
5.746202239070135676e+01
-7.090117420376861546e+00
5.888070005830320497e+01
1.809977549035703126e-01
2.548826962158398146e+01
1.722524219057807215e+01
-6.047334297667863012e+00
-1.490705237490223034e+01
2.084437878915371023e+00
-6.469808440997635302e+00
4.442260397889201329e+01
-1.178240194397795149e+00
1.636436357320457002e+00
2.398102857797219656e+01
-5.953554140063207711e+01
5.172786631009051561e+00
-3.838539547389536466e+01
2.397762585010848824e+01
5.254370628182353897e+01
-7.117818599265709167e+01
3.995098635457107861e+01
8.402793785010322480e+00
-5.599379787273646514e+01
1.884881867300929770e+01
9.538695857474738915e+00
-1.840613110841587385e+01
-2.486675802022060466e+01
1.100510093754180296e+01
1.076408331408091925e+02
-2.272922122946038570e+01
-5.967643482110796072e+01
-3.386648859535802814e+01
3.833168736004196830e+01
-3.308912726111202574e+01
-1.309797566056884399e+01
6.011105233523761626e+01
1.043303211347874182e+01
1.729102811466359313e+01
2.476868125574606339e+01
3.781631400810528731e+01
-2.703222419613728178e+01
2.388998950025979795e+01
9.556243944513864719e+00
3.868687098157438387e-01
1.509234774169563487e+01
2.386318029299737731e+01
-1.524563316784367117e+01
3.017254185414127488e+00
3.645280239709835257e+01
-3.531914739420367511e+01
-7.505395036503169415e+00
-9.524143091046184395e+00
6.857693642183409111e+01
-8.336148656377046606e+00
-1.727214702945992286e+01
-3.333431730763378908e+01
3.790506837291696485e+01
5.616438343697902269e+01
-1.049726946671787005e+02
-1.087150253521453322e+02
-4.497065836761895419e+00
-1.244771701975070144e+01
-1.020069403216441373e+01
3.032725313904275577e+00
-6.701785822370632140e+00
2.469663396334392758e+01
-1.105041197193159164e+01
-1.264605377640531891e+01
1.321604997979742109e+02
-2.671707527777299873e+01
-4.462125299354455166e+01
8.032651717716230877e+00
-1.882871305357910785e+01
-1.644676999933431460e+01
1.953269377321140421e-01
9.409042484951525509e+00
2.247765946324283348e+01
-2.145087895469621475e-01
8.393188542420173803e+01
-3.201310183630969419e+01
-1.118250799539815432e+01
9.528463197520091299e+00
-2.440072138292355319e+01
5.898247821141663572e+00
2.244330537588999164e+01
1.209091306308124203e+01
7.831733344937419794e+00
6.088054972254305142e+00
1.055963411604042363e+02
-1.344269610776540347e+01
-5.032714305045358216e+00
4.084696112053416428e+00
1.196235960559305234e+01
1.497515746767021483e+01
2.394741125571461282e+01
-9.169424584885955909e+00
-1.547910017185776921e+00
-8.845624066845839906e+00
1.969986126678034211e+01
-4.514510645612511297e+01
3.598036583012016365e+01
-1.867777560822745642e+01
-4.890464737403812379e+00
3.471295356291965106e+01
1.099836347665004155e+01
-3.950697515988280628e+01
2.152828326455447971e+00
7.631570078456832995e+00
1.188251957751574395e+01
-4.832854812457001970e+01
4.817463910339827748e+01
1.517587983370756177e+01
2.748470634230011811e+01
9.293475717624605892e+00
2.868852060071352739e+01
-1.851377868293175766e+01
-2.778545264774161971e+00
4.037982188719382748e+00
-1.279037121303520337e+02
-4.268131768198504972e+01
1.211471534516721782e+01
3.059791665960068485e+01
1.491237199497372146e+01
1.061225888577898147e+01
1.481802464949200271e+01
-1.955974901690840184e+01
7.818457340168557756e+00
-1.089743842082938841e+01
2.504181826575543823e+02
-1.589924212356916122e+01
-8.215741296766263702e+01
1.947300600926129377e+01
-5.297945171594635383e+01
2.650580685246766777e+01
-2.132275532210796598e+01
4.324558229726424941e+01
-7.885573583617172311e+00
5.020176712541636554e+00
2.502559501006158982e+01
2.588006389106082139e+01
7.826306056172701808e+00
-4.025855346638201127e+01
2.641444510910150356e+01
3.863382061391975242e+01
9.285655349429905669e+00
-1.746004245436400382e+01
1.014013160222401871e-01
7.342791031208646402e+00
-9.810263603459442550e+01
-9.099541197517703495e+01
1.851073171074728796e+00
1.853890977383230831e+00
-6.462215145106775971e+00
2.390267226988148508e+01
4.544099570855089354e+01
1.099353017769314000e+01
1.797755920205421631e+01
-3.124626797225404928e-01
-1.153531757497387389e+02
-1.234325276365154345e+01
2.177654314260409674e+00
-8.800399001967500467e+00
8.566977876033124772e+00
-5.233133558783026018e+01
-2.920861289555655915e+01
3.943883297238193641e+00
-6.073952961030865794e+00
5.102119575517438221e+00
1.679976664316752704e+02
-3.017409731344480406e+01
-2.517247504708530670e+01
-7.526598263475601236e+00
-2.255286452829601984e+01
1.871757743350908498e+01
6.232365457753853200e+00
8.146338825017869212e+00
-1.140329031196154475e+01
-1.947266864596505798e+01
4.805529190571235176e+01
-4.178313126779610798e+01
3.778257825455781926e+01
3.786178353708290700e+01
3.326597014454186763e+01
7.837018717244276900e+01
-7.091418571181669961e+01
1.396648849200648890e+01
3.720288212334431677e+01
4.801566385622844102e+00
1.542282206195260699e+02
-1.639151463776433459e+01
8.237677176242703680e+00
2.295036508828371780e+01
3.439245909124402800e+01
-1.607466592457323529e+01
-4.635028978595316040e+00
5.748221879221355124e+01
-1.068732829214025415e+01
1.376555049975919598e+00
2.476868125574606339e+01
3.781631400810528731e+01
-2.703222419613728178e+01
2.388998950025979795e+01
9.556243944513864719e+00
3.868687098157438387e-01
1.509234774169563487e+01
2.386318029299737731e+01
-1.524563316784367117e+01
3.017254185414127488e+00
-1.150035783958493774e+01
-7.422604762477432416e+01
8.903870580906421139e+01
-2.157339287898239988e+01
6.444239458160356548e+01
4.975046376370313084e+01
1.600734522255591941e+01
-2.665515651310736089e+01
-3.954678045281501397e+01
-7.655084654479563433e+00
1.133669631133096090e+02
-1.293384728152884655e+01
-1.543180595534931498e+01
-1.655341300824242623e+01
-2.955687150571110777e+01
2.930630301670188587e+01
-3.391821595368766928e+00
-4.056815761525461639e+00
1.759553430046186762e+01
9.049733097656547542e+00
2.084437878915371023e+00
-6.469808440997635302e+00
4.442260397889201329e+01
-1.178240194397795149e+00
1.636436357320457002e+00
2.398102857797219656e+01
-5.953554140063207711e+01
5.172786631009051561e+00
-3.838539547389536466e+01
2.397762585010848824e+01
-8.750981286301998807e+01
-6.577523056386357325e+01
-1.874490784253484321e+01
-1.516534984164278343e+00
-6.161610546813542477e+00
-2.486961830217121872e+01
-1.109624713883536629e+01
1.478679422988984449e+01
5.374959493772064612e+00
2.716067044694658250e+01
1.055963411604042363e+02
-1.344269610776540347e+01
-5.032714305045358216e+00
4.084696112053416428e+00
1.196235960559305234e+01
1.497515746767021483e+01
2.394741125571461282e+01
-9.169424584885955909e+00
-1.547910017185776921e+00
-8.845624066845839906e+00
-1.286234134443627681e+02
-1.284042267016578194e+02
5.206239143003270620e+00
1.010763401215247548e+01
-4.385604867337886503e+01
7.612172473439430576e+01
1.614445036259908095e+00
2.959756710130059076e+01
1.236937632691064159e+00
-2.225948265278718452e+01
1.321604997979742109e+02
-2.671707527777299873e+01
-4.462125299354458008e+01
8.032651717716221995e+00
-1.882871305357911496e+01
-1.644676999933431460e+01
1.953269377321091571e-01
9.409042484951518404e+00
2.247765946324283703e+01
-2.145087895469622308e-01
-7.691615934558961953e+01
-6.329105783346383163e+01
-2.496690251861002352e+01
1.350230714029455825e+01
-5.886496803525040455e+00
-2.286169919762854974e+01
-1.041923564645426126e+01
1.320395207785949765e+01
8.594573595581460168e+00
2.282179337735441038e+01
-9.753552517966700464e+01
-3.003426840503751905e+01
2.531644752477881610e+01
-7.191694530357284521e+01
-9.273764957806573950e-01
-2.806486462833099083e+01
-1.803142492547098286e+01
-3.064151464169293959e+00
1.953355427225069363e+01
2.027706043656942470e+01
1.969986126678034211e+01
-4.514510645612511297e+01
3.598036583012016365e+01
-1.867777560822745642e+01
-4.890464737403812379e+00
3.471295356291965106e+01
1.099836347665004155e+01
-3.950697515988280628e+01
2.152828326455447971e+00
7.631570078456832995e+00
2.998073610660531685e+01
-4.846876336545754071e+01
4.555696431318536810e+01
-1.146675675729432164e+01
4.279118536253250937e+01
3.035842631869998343e+01
-2.239515460356417620e+01
-7.687604484578523412e+00
3.130683358705384833e+01
-1.183547032698976942e+01
-1.653879514712743060e+01
-3.665752849789235057e+01
3.730266692128315853e+00
-1.276691641454415027e+01
3.574391511951695133e+00
7.002626067388015940e+01
4.320958946835170167e+01
-3.227732321554099570e+01
3.938188422921533771e+01
-1.940513083092825042e+01
7.950490450223696826e+01
-6.879711485182143349e+01
-3.647579414515318774e+01
-1.383931272690862890e+01
4.322405292291864876e-01
4.222152381355651407e+00
8.248324986542055370e+00
5.083163418101228181e+00
4.977376666543903205e+00
1.217149037644492715e+01
2.418771430861572824e+01
-3.711370319727094369e+01
5.934158728243900782e+00
3.337280181775655219e+00
-3.514554786855369173e+01
1.152575071611268065e+01
5.005660600962934303e+00
-3.930322740050517893e+01
4.184754972463522904e+01
-1.333949847850321291e+01
-1.170284377435362444e+02
1.105845919889251183e+00
2.095490456046776373e+01
-2.730257273903288606e+01
-3.828401667858344837e+01
-3.883955746824875987e+00
-3.460636066643386499e+01
-1.583679691819385660e+01
2.449942529416551906e+01
-4.535732163616613910e+00
2.435767067532188079e+01
-3.749580816901829650e+01
3.620596677344297376e+01
1.133983995947784429e+01
3.207731440828997638e+00
1.577999512420038641e+01
-2.791379658391457141e+01
2.244425836565032739e+01
-3.180080614360914826e+00
1.918578529321939952e+00
-5.246497757374285476e-02
-3.932524352392277223e+01
-9.179666679074810531e+01
-3.852686930625951334e+01
9.400600662741505076e+00
4.641418559789804554e+00
-4.225778326845174604e+01
9.521279703085346213e+00
2.873540323229298643e+00
-3.479787363298914027e+00
-1.835846882129883966e+02
-2.273549349525721297e+01
-1.241978388858166760e+01
1.414782324206812048e+00
-1.775578678803685584e+00
2.414695599785542512e+01
-7.000049712197842666e+00
3.409372904031517493e+01
2.048826254399460645e+00
-5.864643907393401356e+00
-1.319016996526988805e+02
-3.145264830328483541e+01
1.882692569868660470e+01
-4.719655072985593591e+01
6.822507305344464257e+00
-4.229420646922766736e+01
-2.155057992786953491e+01
1.611655851567622477e+01
-1.383253861783329342e+01
1.515356804011629421e+00
-5.576858926287081886e+01
-5.975136608492741530e+00
-2.768718406797455600e+01
-9.035985731498765716e+00
-1.971464273276075119e+01
8.710111421598524473e+00
-5.069745741667673222e+00
-7.419512552896175006e-02
7.929961662882292650e+00
4.852383607965061962e+00
5.918122574492894472e+01
-1.664278268586251031e+01
-9.711869185921888459e+01
-1.616396511113453016e+01
-2.905950688645733138e+01
3.572635100126571928e+01
-1.827860120211975214e+01
5.076130366311570441e+01
-6.641706877083254135e+00
-4.705446570164926356e+01
6.608936961874015026e+01
1.869710654009911011e+01
2.887349186289458558e+01
2.858138732483029543e+01
-3.974254805704821081e+01
-3.373767506817177519e+01
-1.095871067749000183e+01
-1.776290301755761547e+01
-5.394446737149699800e+00
-6.741511145765990420e+00
7.231017650668229635e+01
1.798819812957770026e+01
4.510102803506133995e+01
2.072589456416890741e+00
5.142679107547354533e+01
3.297702522623652754e+01
6.489488335701904198e+00
-1.020309287807845244e+01
1.134133779620447369e+00
1.619973991176964168e+00
-6.970406138684725761e+01
-2.630289003516750412e+01
-5.609426711673075516e+01
3.293979215380158365e+01
2.832441484916197538e+01
-3.507714334714438564e+01
-4.600883035642312535e+01
1.658450758555645521e+01
-2.664209181401454796e+00
2.786493190632427286e+01
-1.516355882726010975e+02
-5.107730159118064961e+01
-3.038100902789874880e+00
-3.230683214522830138e+00
-2.178978088743155794e+01
3.157501471569805673e+01
2.114753097775923507e+01
-8.019762443182768763e+00
3.491320780355412712e+00
8.123783570635819018e+00
6.975925164178605087e+01
-1.632030535749055267e-01
-4.756777969261139560e+01
-2.943389065340353827e+00
2.649305258792432838e+00
-2.989152840994768923e+01
-2.359191746281233293e+01
-1.217540492682772868e+00
5.576312640645189056e+00
3.653762420657101018e+01
1.229706948466427434e+02
2.304688089128422135e+01
-7.904442937895630905e+00
-1.177307521610180174e+01
8.348741974170701852e+00
9.088721789170417509e+00
3.887647160778635680e+01
-1.258652862840823694e+01
-8.904325499922276066e+00
-1.153985255088146999e+01
-1.253516952029151810e+02
2.413326858657520546e+01
5.023708029699857036e+01
-6.542284977442044180e+01
-3.998464042092020776e+01
7.051202505797240505e-01
-2.995598901227749877e+01
1.088490233951612574e+01
8.561189334141957374e+00
2.293029842979418920e+00
-1.919865058617584452e+02
3.378533175990386894e+01
4.682990327885589998e+00
2.641519639929853724e+01
1.205946799450428131e+01
1.159936862892645415e+01
-4.037393476821011795e+00
8.379669463612549052e+00
-5.904696888968377522e+00
-1.877996411518734021e+01
-3.649994373188972219e+01
1.690434478995550478e+02
5.015246545186013982e-01
-8.223004087905154336e+01
-7.351459587485813074e+01
2.425485727055693630e+01
4.325633787892837034e+01
3.425099532302451877e+01
-2.504242010538764518e+01
-7.302529500166500043e+01
-2.138387695692196644e+02
6.011739692226009879e+01
3.275836676222385613e-01
7.180809225193246270e+00
1.689402293818680789e+01
-3.859246024732303493e+00
-3.962401637815931910e+00
7.190962340349863702e+00
-2.425595666507491810e+00
1.297522709266805095e-02
-1.835038048956698731e+02
3.287650875684634144e+01
-1.353243475361138648e+00
7.836378317242089331e+00
-2.933388497054338728e+01
-1.510773688803821813e+01
-5.381717598882933551e+00
-2.548325786334584286e+00
-3.396615565603083198e+00
-2.475707057948824286e+00
2.874740969579769612e+01
2.228784418796911382e+01
2.710386895749052982e+01
-6.805372952767774208e+00
-5.201394994859864340e+00
-1.321303673795327427e+01
9.623165831599283848e+00
-1.659165152144581512e+01
2.169210966490705772e+00
-1.979554798451106734e+01
1.769806279225851711e+02
6.227212106230633815e+00
1.611384950967618295e+02
4.966662254884047201e+01
-6.364106939165823462e+01
2.636027918330886877e+01
1.722285094995408983e+01
5.937963964988718146e+01
9.420833772447329579e+01
1.998552016598379444e+00
-8.421757756395772399e-01
-3.579397548418072716e+01
-2.947740158517265741e+01
1.981026724146493478e+01
-6.691856549787252639e+00
9.172544981976622935e+00
1.281781191355304195e+01
1.466422203400952107e+01
-9.845130913221096236e+00
-2.413541195822113128e+00
-1.121011562102557093e+02
3.152565561821758067e+01
-1.241055765018852730e+00
7.593140300795816700e+00
-2.493500653050095295e+01
-7.756834155825536037e+00
4.916644240294613866e+01
-2.143679169615849744e+01
-3.738453353757159192e+01
1.903368545562241465e+01
4.228242484586044725e+01
4.601938695707899285e+01
-8.077270188820611452e+01
4.914973252257097869e+01
1.958711846146739788e+01
-2.275321163355997456e+01
-3.229478497465630760e+00
-2.485648776663439696e-01
-3.449617202220281342e+01
-7.929121074765660637e+00
-1.567398654170125667e+02
1.605396369627420583e+01
-7.384119239121668343e+00
-7.570057105399367714e+00
-5.312568685768883192e+00
-1.381417882373884076e+01
-2.112513601102025351e+00
6.723726352731787870e+00
1.895332300566585104e+01
4.170564022160190731e+00
8.709028853693384065e+01
1.744988002084156733e+02
-3.091435044023894108e+01
-5.028699700812467199e+01
8.751066984856831255e+01
-5.526702086572529282e+01
-4.927233345074960624e+01
8.923507543054475377e+01
-4.999512234816787526e+01
-2.791196309707157397e+01
2.518509276523764981e+02
8.017707090647088819e+01
7.225253141468431295e+01
-5.688967626336864214e+01
-1.972844036945099333e+01
-5.709941765552351711e+01
6.962779332156399903e+01
-9.617114922878894356e-01
9.974684335932291201e-01
8.808769429053022293e+01
-2.044435320864442645e+02
3.565226564822637556e+01
7.778179685069371629e+00
1.424992831768271095e+01
2.032540277488054326e+00
-5.129956322888510556e+00
5.034240917474344990e+00
1.029165556677027382e+01
6.309579140829647770e+00
-4.606742149110075069e+00
-1.937243441023744026e+02
2.746178755595215293e+01
-2.083645018293550777e+01
2.139489858636905772e+00
-1.309246755688376318e+01
2.356008762715429972e-01
-1.368746035352559076e+01
-1.451510221497325759e+01
5.350859956753248881e+00
1.667122201330696640e+01
-1.714071417795068726e+02
3.975529870897700135e+01
-4.144125608159747287e+01
2.948109536969466760e+01
-1.210907665880971251e+01
-2.147998009820737053e+01
-3.645188813343816392e+00
-1.482683475350022917e+01
1.645030112498676189e+01
9.677719183331731756e+00
-1.807287335845318523e+02
3.222721999782432079e+01
-1.583987058038574869e+00
2.690552367328545813e+01
-8.718274019946859354e+00
-1.116664447977574603e+01
7.559170354149793880e+00
7.399994849802319585e+00
-1.099871481935801043e+01
-5.829413423899381996e+00
4.866155962468286589e+01
1.608665916392344570e+02
6.665621264042196970e+01
-1.055380725321357858e+02
3.836163781068791678e+01
-4.311258833335926077e+00
-9.525037359912516877e+00
5.777661146476889442e+00
6.473055758565004680e+01
-2.267891081331766046e+01
1.429584489192920387e+02
2.076865878784630581e+02
-9.463594927006601099e-01
-6.786584176466205065e+01
3.463452600263786962e+01
-4.045834553333002503e+01
-1.460780810066984969e+01
2.116807767435179244e+01
-1.737937588297883806e+01
2.867702298860255539e+01
-2.189344699856901286e+02
4.678864458570150475e+01
5.803528647274625030e+00
1.046302749304979507e+01
6.352342663386890464e+00
-1.705917084882494716e+00
2.669078200996636507e+00
2.440743129801989486e+00
-3.375963145269109678e+00
-3.005559054950762921e+00
-1.407209408554254821e+02
9.737351618943715437e+01
-4.552477344279578375e+01
-1.934693365306440782e+01
-5.039775275332279847e+01
-4.145391615418389364e+01
6.493859027627216562e+01
2.090450036305264447e+01
-3.752400384316516124e+01
-4.200458494085970074e+01
9.982379643322288132e+01
8.612612621627957310e+01
-1.123920919745552105e+01
9.865464469698624228e+00
-3.910165264961457154e+01
-1.640188647636358610e+01
2.398270868221243646e+01
-1.867143084412260512e+00
3.555800630978644961e+01
-8.701129229069977100e+00
-1.054796961659530439e+02
1.362286872454940863e+02
2.285962535953855479e+01
1.321554209488143350e+01
-1.880648852283500316e+00
8.312926102681444718e+01
1.618604740878116743e+01
2.599195157684336621e+01
-3.351818321997470207e+01
1.826617578411437748e+01
-2.025861188689738412e+02
3.753135704494140867e+01
-2.746849487543634005e+00
1.857748821157906960e+01
9.669639393096755242e+00
-9.739846381949956111e+00
-3.271386765438504818e-01
6.439507193240898708e+00
5.662579656669123551e+00
-2.275146608639261991e+00
-1.934850853233603516e+02
2.291597870816526594e+01
-1.466176008781934392e+01
2.841342576205484249e+01
6.588956271615463933e+00
1.070225363351098657e+01
-8.326280121437212856e-01
2.661166032373292634e+00
1.146247252132214989e+01
-1.354757054868418820e+01
-1.627932908519890702e+02
4.495799967446883727e+01
-1.870210075319499410e+01
1.028986167067617963e+01
7.548913600281928815e+00
-3.370112453816731346e+01
-1.599906030204721397e+01
-2.978073777118882504e+01
3.372669455084960077e+01
1.118130701322499299e+01
-6.987826893908906811e+01
7.913443341724111235e+01
-2.058220212350945655e+00
2.645270790788847748e+00
-2.362036310205081424e+00
-8.824512483655661654e+00
1.781107329739701761e+00
-1.531166436749483850e+01
-6.634614052764506553e+00
-1.132603035040094142e+01
2.676038694868252605e+02
3.828184228673883638e+01
6.338120854619891986e+01
-5.325890629454202951e+01
-2.861114275069718005e+01
-2.641196962761329203e+01
5.371437164259329933e+01
-2.283252417064167261e+01
-6.195315168527185001e+00
3.741281310154209905e+01
-1.086312286321459908e+02
1.346432511405809578e+02
2.387274956054603692e+01
1.126667589388729773e+01
-2.359282283858953555e+00
8.252308526574849168e+01
1.488318988971117385e+01
2.543149047798404894e+01
-3.380745516664133277e+01
1.690394251698817030e+01
2.535599114321864533e+02
7.892220160418143848e+01
7.149482518712898127e+01
-5.578423761261274194e+01
-1.819745208767859879e+01
-5.646284393663207624e+01
6.975958428012886259e+01
-7.790942970229708386e-01
9.907804455179867187e-01
8.820454419993623674e+01
-2.021078990129388728e+02
5.679685646559917700e+01
-1.046555126379567469e+01
1.195699054552848573e+01
4.683325628220531556e+00
-6.968337108877646457e+00
-2.270101682311268743e+00
6.321274862121467386e+00
-2.275258359174082923e+00
-3.347287654765126685e+00
-2.032690470884773504e+02
5.237771586274972435e+01
-1.551365982360960238e+01
1.386277055616841025e+01
9.438263222145868880e+00
-1.100727720539765642e+01
-6.339491697220091204e+00
-3.889088301588714103e+00
-1.631902500056607419e+00
7.097345551307469691e+00
-2.077853523052842775e+02
4.227921470288439565e+01
-8.058692067138307991e+00
1.070550503475885762e+01
2.197192460855599094e+01
-6.701289331818170325e+00
-6.401848826582327234e+00
-1.663167426050883524e+00
-1.089714911088446314e+01
-3.314585238962704850e+00
1.060814393957686619e+01
1.263888548984213145e+02
9.815309002275891714e+01
-5.733221105591937317e+00
1.470359266967327194e+01
4.106553014150234304e+01
-1.082904646474950638e+01
-3.380727867865740421e+01
-2.889253698669396542e+01
-2.783635432028961176e+01
-2.032690470884773504e+02
5.237771586274972435e+01
-1.551365982360960238e+01
1.386277055616841025e+01
9.438263222145868880e+00
-1.100727720539765642e+01
-6.339491697220091204e+00
-3.889088301588714103e+00
-1.631902500056607419e+00
7.097345551307469691e+00
-1.683779086381983703e+01
1.703423990542128195e+02
-3.706878847035759428e+00
-7.001769508786203744e+01
-7.648448663098817990e-01
5.291120036160831575e+01
-2.339401035412737251e+00
2.959946289636396699e+01
7.291025460638996947e+01
-6.414710693055963020e+01
-2.039380688401988948e+02
3.926072676889886992e+01
-8.004289820399650424e+00
1.073059246370895181e+01
1.241250605788387951e+01
-9.320956712131961197e+00
-6.449239501978899725e+00
-6.055951288398313537e+00
-1.029903068000293054e+01
7.730928542576491758e-01
-2.055833557567177365e+02
3.688204650659633188e+01
5.660488916765203271e+00
2.265014855385735260e+01
4.688842414877552045e+00
-8.654017269176509375e-01
4.006245979194449802e+00
-5.086879600658166245e-01
-5.061064028523723834e+00
-3.362321903062403194e+00
-2.105718964231732571e+02
5.934452855721206532e+01
-8.304167942370719757e+00
1.544582123614860159e+01
1.582952288348202230e-01
-8.470247882661229966e+00
9.981591587363688234e+00
1.875391522721476356e+00
9.836825203393308570e+00
-4.692959872643484687e+00
4.074950151536332754e+01
3.630283669947786951e+00
3.339974315702249896e+01
1.718955179462259863e+01
-1.826436184143235764e+01
2.135072791136722437e+00
8.946591647740739006e+00
-1.252330233390003578e+01
7.175902947758861394e+00
-1.815926189508758881e+01
-1.636037780868627749e+02
6.266912136698490343e+01
4.970165306953146178e+00
2.486854004940422058e+01
-1.551625193283686777e+01
1.127750041435922945e+01
2.574151638745442128e+01
-1.545448373162555100e+01
-1.534262540758114035e+01
9.210625241126601637e+00
-1.901774863766123076e+02
5.567477419457104304e+01
-9.917155057086537440e+00
1.559225437369932976e+01
-5.586292984835154130e+00
-1.324495973864847187e+00
1.750977725235031812e+01
-1.272868603705789958e+01
-1.276762334539814958e+01
4.554209035255942339e+00
-3.152067390406260117e+01
4.787730360222206372e+01
-6.730318026401937459e+01
2.517355956423541130e+01
-7.826128793960466234e-01
-2.948559575708872771e+01
-2.431429524591401048e+01
1.906782329766803130e+01
8.222433884344779287e+00
1.083064532497163768e+01
-1.876289440084746047e+02
-2.673977968506628944e+00
-2.826592057685004278e+01
-4.960741425883772315e+00
2.459120181572420449e+01
2.995887202129395988e+01
6.959536101137123176e-02
-1.810771854327344332e+00
-1.876772222361028852e+01
-2.280419947639774492e+01
-2.203443943743801583e+02
5.561670753032920800e+01
-2.501700993372483861e+00
1.105601672159852988e+01
6.858287610928248235e+00
-7.556761576542932346e+00
-1.185355394955661446e+00
-2.037054915139572264e-01
-1.249712148710246495e+00
2.281703999701798935e+00
-1.883042314011156009e+02
3.723608100115187369e+01
-1.506065510848101674e+01
9.215449915417833537e+00
2.728045512563488018e+01
-5.580517369886863754e-01
-1.603632835818310554e+01
4.415625046255508224e+00
-3.345912693122680803e+00
1.767857224140889638e+00
-1.937162518550619268e+02
2.745035003228318971e+01
-2.083803770708972891e+01
2.134516474606680703e+00
-1.312482850979218796e+01
2.244531151113502432e-01
-1.372186948979163290e+01
-1.451445746184670682e+01
5.351664459819053477e+00
1.666988426725286843e+01
1.202972067241633169e+02
-1.691067559507238016e+01
-5.352509112571376448e+01
-1.793727560604876459e+01
3.258806866391644519e+01
3.197598439272035620e+01
4.534097637505354328e+00
-3.032139557404505581e+00
-1.268674127688128195e+01
-1.128391360433839630e+01
-3.521152011728937481e+01
6.599734090224160354e+01
1.593213930675852730e+01
-2.080936911862741923e+01
5.844441807996697769e+00
-2.072719895625390052e+01
9.859944755879448408e+00
-5.739668840531361838e+00
-2.443643965955636688e+01
-4.647469203910409519e+00
-1.901774863766123076e+02
5.567477419457104304e+01
-9.917155057086537440e+00
1.559225437369932976e+01
-5.586292984835154130e+00
-1.324495973864847187e+00
1.750977725235031812e+01
-1.272868603705789958e+01
-1.276762334539814958e+01
4.554209035255942339e+00
-5.099685406643383345e+01
6.225959168949324329e+00
-1.562409348886106919e+01
2.474123533220665649e+01
-4.238245108816337314e+00
1.529303264314521371e+01
-7.572306401068181536e+00
1.725012523391093566e+01
9.909526632961888737e+00
-1.791729225626389521e+01
-2.055833557567177365e+02
3.688204650659633188e+01
5.660488916765203271e+00
2.265014855385735260e+01
4.688842414877552045e+00
-8.654017269176509375e-01
4.006245979194449802e+00
-5.086879600658166245e-01
-5.061064028523723834e+00
-3.362321903062403194e+00
-1.703060849310196261e+02
3.534098312649449269e+01
1.528900857066176933e+01
-2.894553319002942615e+01
2.274333559783969960e+01
-3.316149453484682397e+01
-1.132454910630404576e+01
1.620156246843138348e+01
1.416459374954132766e+00
-1.737844630022041814e+00
-1.636037780868627749e+02
6.266912136698490343e+01
4.970165306953146178e+00
2.486854004940422058e+01
-1.551625193283686777e+01
1.127750041435922945e+01
2.574151638745442128e+01
-1.545448373162555100e+01
-1.534262540758114035e+01
9.210625241126601637e+00
-1.789249492844623717e+02
2.805679530356133355e+01
-3.448853509637171300e+01
3.359705020972992884e+01
1.128859833228638188e+01
-4.523834065288911965e+00
-1.895908975607972380e+01
-9.135299972371980104e+00
1.529700258350800368e+01
6.384697775411305010e+00
-1.084050852824549764e+02
4.717409194216553203e+01
6.217521178510368429e+01
-4.654788785868809953e+01
7.321128278419506330e+01
-5.228478343258428396e+01
-1.139224387795098536e+01
-2.127467798465842108e+00
-1.104203120792007359e-01
1.216421089905727948e+00
-1.578895822607017863e+02
2.884053183415275612e+01
-5.877933697942646063e+01
1.730853901186516097e+01
9.122161977394622756e-01
-2.273719389504913480e+01
-9.568878577942676600e+00
-3.181658941266498886e+01
4.678398735273250786e+00
1.977976339936854444e+01
-1.599239446181579751e+02
3.204247219267231372e+01
-3.638112005682817340e+01
-1.007301442285570658e+01
1.880837011235833245e+01
-1.595627983071222777e+00
-3.276737760053531900e+00
-2.861815768263943571e+00
-1.152519170993433306e+01
-2.428291099166853262e-01
5.844862753749514184e+01
-2.286741068448417380e+01
3.884287245988780768e+01
3.797374236048005969e+01
-4.409061990292467215e+01
1.947864220887661801e+01
5.855244361677194309e-01
1.327197841597813177e+00
4.154154994744748919e+00
2.126106807216907590e+00
-1.705334612251781721e+02
3.443149549941755083e+01
6.946795025098709102e-03
-3.121136192155731237e+00
2.444358097597693558e+01
-1.771198546541156205e+01
6.091640984545363402e+00
1.565152956066659939e+01
-1.565940177678684542e+01
4.764887912488046107e-01
-7.414496164794371680e+00
5.823198444900694426e+01
3.909094421557510657e+01
-2.522025901482206400e+00
4.584908425610818128e+00
1.827354556519001250e+01
-1.807917483651765878e+01
3.269433719555775220e+00
4.717684435262143872e+00
-6.666513806807280673e+00
-1.524322365748055290e+02
3.846056745804467170e+01
4.333685429384197541e-01
-9.612155226379639927e+00
3.488091444124577833e+00
3.740664043369573477e+00
4.119074778818456295e+00
2.756438839589891998e+01
6.347034975244587152e+00
1.825158028183518866e+01
-1.627932908519890702e+02
4.495799967446883727e+01
-1.870210075319499410e+01
1.028986167067617963e+01
7.548913600281928815e+00
-3.370112453816731346e+01
-1.599906030204721397e+01
-2.978073777118882504e+01
3.372669455084960077e+01
1.118130701322499299e+01
9.381133308082000610e+01
1.491635767949316289e+02
1.307541255968812663e+02
-6.029435631351530134e+01
-3.108180190047184510e+01
-2.221383661272922527e+00
2.325987251866595429e+01
-3.248007576891149384e+00
-2.058114667217768101e+01
-1.639093219409250679e+01
-6.435164312689241228e+01
1.361324397213864472e+02
1.367762557692320158e+01
-3.343352219047056195e+01
-4.472642620795505231e+00
6.106754426259484170e+00
-6.788333046384588343e+00
2.224327633708965024e+01
1.609725286653594267e+01
-4.303161539955953963e+00
2.712779979510661832e+01
2.101630162398339152e+01
-4.266077277441969073e+01
-6.061443570625087984e-01
-1.567429497699169616e+01
-9.265922929508917605e+00
1.835072464616361287e+01
2.879240745236598009e+00
-8.535672135700020036e+00
2.418769784663074240e+00
6.261463898064852174e+01
1.743521373255429552e+01
-1.983358847702380601e+01
1.167388550036775108e+01
-1.746022146329821112e+01
-1.832825561504292011e+01
-3.509573306188469388e+01
-2.126605481530413044e+01
-2.217644728817295885e+01
-8.968524102083023308e+00
3.060889577423076844e+02
2.711384923651394985e+01
-1.475740099108265468e+01
-4.454890584358463634e+00
-3.710434369346603312e+00
-2.499507850219913152e+01
-3.050096334063183789e+01
-4.175462391309135768e+01
3.589893081548051157e+01
2.597847930583862208e+01
7.784819229441643529e+01
2.216866372999674084e+01
-4.785695517634096774e+01
2.763357650987554592e+00
-4.349805769747298712e+01
-1.554926034722043404e+01
-2.287967691124783087e+01
3.809118166948130835e+01
2.175297655629452009e+01
2.702424709992641283e+00
-1.995985075525740626e+02
5.502156315064058845e+01
-3.746114969083289115e+00
1.158794822756517284e+01
1.685946813606790329e+01
-9.813876838299487204e+00
-1.960073977674090884e+01
1.146880028231236182e+01
-5.309405450867386911e+00
9.625976329377186502e+00
-1.317110324555051761e+02
2.966168998088862097e+01
2.709815842820741594e+01
5.373591068666529225e+01
-8.179413602215737100e+00
-5.549430525857568242e+00
-1.507703921087789167e+00
-3.201494833503742310e+00
-2.397998213190344063e-01
1.158529496824945504e+01
9.131924229557976957e+01
6.158022818339620841e+00
5.162272889035833856e+01
2.156255215630111266e+01
2.155295326258205080e+00
1.068182114243335867e+01
-2.584396899154871718e+01
4.496107587506590342e+00
-9.068183435419246763e+00
-7.352893854749394720e+00
1.396350636196770836e+02
7.691883107596102320e+01
-3.722012936527277560e+01
-7.840368621326983600e+01
-3.445835507286167143e+01
3.103183776155509577e+01
1.901211355030662276e+01
1.721321991575879906e+01
-2.813802509640202487e+01
-1.622686261034391464e+01
1.814548056579135604e+01
-5.132531992963241585e+00
2.636884217801436847e+01
-1.597627173651379739e-01
-6.612366787382853772e+01
-4.329799908179490586e+01
-2.154780942126353693e+01
-2.698529026214579130e+00
2.837766576122184503e+01
1.787595887018665408e+01
